360 36000 695360 282
4x2/ff0000 0 0 0
4x2/ff0000 4 0 0
4x2/ff0000 8 0 0
4x2/ff0000 12 0 0
4x2/ff0000 16 0 0
4x2/ff0000 20 0 0
4x2/ff0000 24 0 0
4x2/ff0000 28 0 0
4x2/ff0000 0 2 0
4x2/ff0000 4 2 0
4x2/ff0000 8 2 0
4x2/ff0000 12 2 0
4x2/ff0000 16 2 0
4x2/ff0000 20 2 0
4x2/ff0000 24 2 0
4x2/ff0000 28 2 0
4x2/ff0000 0 4 0
4x2/ff0000 4 4 0
4x2/ff0000 8 4 0
4x2/ff0000 12 4 0
4x2/ff0000 16 4 0
4x2/ff0000 20 4 0
4x2/ff0000 24 4 0
4x2/ff0000 28 4 0
4x2/ff0000 0 6 0
4x2/ff0000 4 6 0
4x2/ff0000 8 6 0
4x2/ff0000 12 6 0
4x2/ff0000 16 6 0
4x2/ff0000 20 6 0
4x2/ff0000 24 6 0
4x2/ff0000 28 6 0
4x2/00ff00 0 8 0
4x2/00ff00 4 8 0
4x2/00ff00 8 8 0
4x2/00ff00 12 8 0
4x2/00ff00 16 8 0
4x2/00ff00 20 8 0
4x2/00ff00 24 8 0
4x2/00ff00 28 8 0
4x2/00ff00 0 10 0
4x2/00ff00 4 10 0
4x2/00ff00 8 10 0
4x2/00ff00 12 10 0
4x2/00ff00 16 10 0
4x2/00ff00 20 10 0
4x2/00ff00 24 10 0
4x2/00ff00 28 10 0
4x2/00ff00 0 12 0
4x2/00ff00 4 12 0
4x2/00ff00 8 12 0
4x2/00ff00 12 12 0
4x2/00ff00 16 12 0
4x2/00ff00 20 12 0
4x2/00ff00 24 12 0
4x2/00ff00 28 12 0
4x2/00ff00 0 14 0
4x2/00ff00 4 14 0
4x2/00ff00 8 14 0
4x2/00ff00 12 14 0
4x2/00ff00 16 14 0
4x2/00ff00 20 14 0
4x2/00ff00 24 14 0
4x2/00ff00 28 14 0
1x1/ffffff 0 16 0
1x1/000000 1 16 0
1x1/ffffff 2 16 0
1x1/000000 3 16 0
1x1/ffffff 4 16 0
1x1/000000 5 16 0
1x1/ffffff 6 16 0
1x1/000000 7 16 0
1x1/ffffff 8 16 0
1x1/000000 9 16 0
1x1/ffffff 10 16 0
1x1/000000 11 16 0
1x1/ffffff 12 16 0
1x1/000000 13 16 0
1x1/ffffff 14 16 0
1x1/000000 15 16 0
1x1/ffffff 16 16 0
1x1/000000 17 16 0
1x1/ffffff 18 16 0
1x1/000000 19 16 0
1x1/ffffff 20 16 0
1x1/000000 21 16 0
1x1/ffffff 22 16 0
1x1/000000 23 16 0
1x1/ffffff 24 16 0
1x1/000000 25 16 0
1x1/ffffff 26 16 0
1x1/000000 27 16 0
1x1/ffffff 28 16 0
1x1/000000 29 16 0
1x1/ffffff 30 16 0
1x1/000000 31 16 0
1x1/000000 0 17 0
1x1/ffffff 1 17 0
1x1/000000 2 17 0
1x1/ffffff 3 17 0
1x1/000000 4 17 0
1x1/ffffff 5 17 0
1x1/000000 6 17 0
1x1/ffffff 7 17 0
1x1/000000 8 17 0
1x1/ffffff 9 17 0
1x1/000000 10 17 0
1x1/ffffff 11 17 0
1x1/000000 12 17 0
1x1/ffffff 13 17 0
1x1/000000 14 17 0
1x1/ffffff 15 17 0
1x1/000000 16 17 0
1x1/ffffff 17 17 0
1x1/000000 18 17 0
1x1/ffffff 19 17 0
1x1/000000 20 17 0
1x1/ffffff 21 17 0
1x1/000000 22 17 0
1x1/ffffff 23 17 0
1x1/000000 24 17 0
1x1/ffffff 25 17 0
1x1/000000 26 17 0
1x1/ffffff 27 17 0
1x1/000000 28 17 0
1x1/ffffff 29 17 0
1x1/000000 30 17 0
1x1/ffffff 31 17 0
1x1/ffffff 0 18 0
1x1/000000 1 18 0
1x1/ffffff 2 18 0
1x1/000000 3 18 0
1x1/ffffff 4 18 0
1x1/000000 5 18 0
1x1/ffffff 6 18 0
1x1/000000 7 18 0
1x1/ffffff 8 18 0
1x1/000000 9 18 0
1x1/ffffff 10 18 0
1x1/000000 11 18 0
1x1/ffffff 12 18 0
1x1/000000 13 18 0
1x1/ffffff 14 18 0
1x1/000000 15 18 0
1x1/ffffff 16 18 0
1x1/000000 17 18 0
1x1/ffffff 18 18 0
1x1/000000 19 18 0
1x1/ffffff 20 18 0
1x1/000000 21 18 0
1x1/ffffff 22 18 0
1x1/000000 23 18 0
1x1/ffffff 24 18 0
1x1/000000 25 18 0
1x1/ffffff 26 18 0
1x1/000000 27 18 0
1x1/ffffff 28 18 0
1x1/000000 29 18 0
1x1/ffffff 30 18 0
1x1/000000 31 18 0
1x1/000000 0 19 0
1x1/ffffff 1 19 0
1x1/000000 2 19 0
1x1/ffffff 3 19 0
1x1/000000 4 19 0
1x1/ffffff 5 19 0
1x1/000000 6 19 0
1x1/ffffff 7 19 0
1x1/000000 8 19 0
1x1/ffffff 9 19 0
1x1/000000 10 19 0
1x1/ffffff 11 19 0
1x1/000000 12 19 0
1x1/ffffff 13 19 0
1x1/000000 14 19 0
1x1/ffffff 15 19 0
1x1/000000 16 19 0
1x1/ffffff 17 19 0
1x1/000000 18 19 0
1x1/ffffff 19 19 0
1x1/000000 20 19 0
1x1/ffffff 21 19 0
1x1/000000 22 19 0
1x1/ffffff 23 19 0
1x1/000000 24 19 0
1x1/ffffff 25 19 0
1x1/000000 26 19 0
1x1/ffffff 27 19 0
1x1/000000 28 19 0
1x1/ffffff 29 19 0
1x1/000000 30 19 0
1x1/ffffff 31 19 0
1x1/ffffff 0 20 0
1x1/000000 1 20 0
1x1/ffffff 2 20 0
1x1/000000 3 20 0
1x1/ffffff 4 20 0
1x1/000000 5 20 0
1x1/ffffff 6 20 0
1x1/000000 7 20 0
1x1/ffffff 8 20 0
1x1/000000 9 20 0
1x1/ffffff 10 20 0
1x1/000000 11 20 0
1x1/ffffff 12 20 0
1x1/000000 13 20 0
1x1/ffffff 14 20 0
1x1/000000 15 20 0
1x1/ffffff 16 20 0
1x1/000000 17 20 0
1x1/ffffff 18 20 0
1x1/000000 19 20 0
1x1/ffffff 20 20 0
1x1/000000 21 20 0
1x1/ffffff 22 20 0
1x1/000000 23 20 0
1x1/ffffff 24 20 0
1x1/000000 25 20 0
1x1/ffffff 26 20 0
1x1/000000 27 20 0
1x1/ffffff 28 20 0
1x1/000000 29 20 0
1x1/ffffff 30 20 0
1x1/000000 31 20 0
1x1/000000 0 21 0
1x1/ffffff 1 21 0
1x1/000000 2 21 0
1x1/ffffff 3 21 0
1x1/000000 4 21 0
1x1/ffffff 5 21 0
1x1/000000 6 21 0
1x1/ffffff 7 21 0
1x1/000000 8 21 0
1x1/ffffff 9 21 0
1x1/000000 10 21 0
1x1/ffffff 11 21 0
1x1/000000 12 21 0
1x1/ffffff 13 21 0
1x1/000000 14 21 0
1x1/ffffff 15 21 0
1x1/000000 16 21 0
1x1/ffffff 17 21 0
1x1/000000 18 21 0
1x1/ffffff 19 21 0
1x1/000000 20 21 0
1x1/ffffff 21 21 0
1x1/000000 22 21 0
1x1/ffffff 23 21 0
1x1/000000 24 21 0
1x1/ffffff 25 21 0
1x1/000000 26 21 0
1x1/ffffff 27 21 0
1x1/000000 28 21 0
1x1/ffffff 29 21 0
1x1/000000 30 21 0
1x1/ffffff 31 21 0
1x1/ffffff 0 22 0
1x1/000000 1 22 0
1x1/ffffff 2 22 0
1x1/000000 3 22 0
1x1/ffffff 4 22 0
1x1/000000 5 22 0
1x1/ffffff 6 22 0
1x1/000000 7 22 0
1x1/ffffff 8 22 0
1x1/000000 9 22 0
1x1/ffffff 10 22 0
1x1/000000 11 22 0
1x1/ffffff 12 22 0
1x1/000000 13 22 0
1x1/ffffff 14 22 0
1x1/000000 15 22 0
1x1/ffffff 16 22 0
1x1/000000 17 22 0
1x1/ffffff 18 22 0
1x1/000000 19 22 0
1x1/ffffff 20 22 0
1x1/000000 21 22 0
1x1/ffffff 22 22 0
1x1/000000 23 22 0
1x1/ffffff 24 22 0
1x1/000000 25 22 0
1x1/ffffff 26 22 0
1x1/000000 27 22 0
1x1/ffffff 28 22 0
1x1/000000 29 22 0
1x1/ffffff 30 22 0
1x1/000000 31 22 0
1x1/000000 0 23 0
1x1/ffffff 1 23 0
1x1/000000 2 23 0
1x1/ffffff 3 23 0
1x1/000000 4 23 0
1x1/ffffff 5 23 0
1x1/000000 6 23 0
1x1/ffffff 7 23 0
1x1/000000 8 23 0
1x1/ffffff 9 23 0
1x1/000000 10 23 0
1x1/ffffff 11 23 0
1x1/000000 12 23 0
1x1/ffffff 13 23 0
1x1/000000 14 23 0
1x1/ffffff 15 23 0
1x1/000000 16 23 0
1x1/ffffff 17 23 0
1x1/000000 18 23 0
1x1/ffffff 19 23 0
1x1/000000 20 23 0
1x1/ffffff 21 23 0
1x1/000000 22 23 0
1x1/ffffff 23 23 0
1x1/000000 24 23 0
1x1/ffffff 25 23 0
1x1/000000 26 23 0
1x1/ffffff 27 23 0
1x1/000000 28 23 0
1x1/ffffff 29 23 0
1x1/000000 30 23 0
1x1/ffffff 31 23 0
4x2/000000 0 24 0
3x2/000000 4 24 0
4x2/0000ff 7 24 0
4x2/0000ff 11 24 0
4x2/0000ff 15 24 0
4x2/0000ff 19 24 0
4x2/0000ff 23 24 0
4x2/0000ff 27 24 0
1x1/0000ff 31 24 0
1x1/0000ff 31 25 0
4x2/000000 0 26 0
3x2/000000 4 26 0
4x2/0000ff 7 26 0
4x2/0000ff 11 26 0
4x2/0000ff 15 26 0
4x2/0000ff 19 26 0
4x2/0000ff 23 26 0
4x2/0000ff 27 26 0
1x1/0000ff 31 26 0
1x1/0000ff 31 27 0
4x2/000000 0 28 0
3x2/000000 4 28 0
4x2/0000ff 7 28 0
4x2/0000ff 11 28 0
4x2/0000ff 15 28 0
4x2/0000ff 19 28 0
4x2/0000ff 23 28 0
4x2/0000ff 27 28 0
1x1/0000ff 31 28 0
1x1/0000ff 31 29 0
4x2/000000 0 30 0
3x2/000000 4 30 0
4x2/0000ff 7 30 0
4x2/0000ff 11 30 0
4x2/0000ff 15 30 0
4x2/0000ff 19 30 0
4x2/0000ff 23 30 0
4x2/0000ff 27 30 0
1x1/0000ff 31 30 0
1x1/0000ff 31 31 0
