376 37600 32262575 206
4x2/ff0000 0 0 0
4x2/ff0000 4 0 0
4x2/ff0000 8 0 0
4x2/ff0000 12 0 0
4x2/ff0000 16 0 0
4x2/ff0000 20 0 0
4x2/ff0000 24 0 0
4x2/ff0000 28 0 0
4x2/ff0000 0 2 0
4x2/ff0000 4 2 0
4x2/ff0000 8 2 0
4x2/ff0000 12 2 0
4x2/000000 16 2 0
4x2/000000 20 2 0
4x2/000000 24 2 0
4x2/000000 28 2 0
4x2/000000 0 4 0
4x2/000000 4 4 0
4x2/000000 8 4 0
4x2/000000 12 4 0
4x2/000000 16 4 0
4x2/000000 20 4 0
4x2/ffff00 24 4 0
4x2/ffff00 28 4 0
4x2/ffff00 0 6 0
4x2/ffff00 4 6 0
4x2/ffff00 8 6 0
4x2/ffff00 12 6 0
4x2/ffff00 16 6 0
4x2/ffff00 20 6 0
4x2/ffff00 24 6 0
4x2/ffff00 28 6 0
4x2/00ff00 0 8 0
4x2/00ff00 4 8 0
4x2/00ff00 8 8 0
4x2/00ff00 12 8 0
4x2/00ff00 16 8 0
4x2/00ff00 20 8 0
4x2/00ff00 24 8 0
4x2/00ff00 28 8 0
4x2/00ff00 0 10 0
4x2/00ff00 4 10 0
4x2/00ff00 8 10 0
4x2/00ff00 12 10 0
4x2/00ff00 16 10 0
4x2/00ff00 20 10 0
4x2/00ff00 24 10 0
4x2/00ffff 28 10 0
4x2/00ffff 0 12 0
4x2/00ffff 4 12 0
4x2/00ffff 8 12 0
4x2/00ffff 12 12 0
4x2/00ffff 16 12 0
4x2/00ffff 20 12 0
4x2/00ffff 24 12 0
4x2/00ffff 28 12 0
4x2/00ffff 0 14 0
4x2/00ffff 4 14 0
4x2/00ffff 8 14 0
4x2/0000ff 12 14 0
4x2/0000ff 16 14 0
4x2/0000ff 20 14 0
4x2/0000ff 24 14 0
4x2/0000ff 28 14 0
1x1/ffffff 0 16 0
1x1/000000 1 16 0
1x1/ffffff 2 16 0
1x1/000000 3 16 0
1x1/ffffff 4 16 0
1x1/000000 5 16 0
1x1/ffffff 6 16 0
1x1/000000 7 16 0
1x1/ffffff 8 16 0
1x1/000000 9 16 0
1x1/ffffff 10 16 0
1x1/ff0000 11 16 0
1x1/ffffff 12 16 0
1x1/ff0000 13 16 0
1x1/ffffff 14 16 0
1x1/ff0000 15 16 0
1x1/ffffff 16 16 0
1x1/ff0000 17 16 0
1x1/ffffff 18 16 0
1x1/ff0000 19 16 0
1x1/ffff00 20 16 0
1x1/00ff00 21 16 0
1x1/ffff00 22 16 0
1x1/00ff00 23 16 0
1x1/ffff00 24 16 0
1x1/00ff00 25 16 0
1x1/ffff00 26 16 0
1x1/00ff00 27 16 0
1x1/ffff00 28 16 0
1x1/00ff00 29 16 0
1x1/00ffff 30 16 0
1x1/0000ff 31 16 0
1x1/0000ff 0 17 0
1x1/00ffff 1 17 0
1x1/0000ff 2 17 0
1x1/00ffff 3 17 0
1x1/0000ff 4 17 0
1x1/00ffff 5 17 0
1x1/0000ff 6 17 0
1x1/00ffff 7 17 0
1x1/0000ff 8 17 0
1x1/ff00ff 9 17 0
1x1/0000ff 10 17 0
1x1/ff00ff 11 17 0
1x1/0000ff 12 17 0
1x1/ff00ff 13 17 0
1x1/0000ff 14 17 0
1x1/ff00ff 15 17 0
1x1/0000ff 16 17 0
1x1/ff00ff 17 17 0
1x1/000000 18 17 0
1x1/ffffff 19 17 0
1x1/000000 20 17 0
1x1/ffffff 21 17 0
1x1/000000 22 17 0
1x1/ffffff 23 17 0
1x1/000000 24 17 0
1x1/ffffff 25 17 0
1x1/000000 26 17 0
1x1/ffffff 27 17 0
1x1/000000 28 17 0
1x1/ffffff 29 17 0
1x1/000000 30 17 0
1x1/ffffff 31 17 0
1x1/ffffff 0 18 0
1x1/000000 1 18 0
1x1/ffffff 2 18 0
1x1/000000 3 18 0
1x1/ffffff 4 18 0
1x1/000000 5 18 0
1x1/ffffff 6 18 0
1x1/000000 7 18 0
1x1/ffffff 8 18 0
1x1/000000 9 18 0
1x1/ffffff 10 18 0
1x1/000000 11 18 0
1x1/ffffff 12 18 0
1x1/000000 13 18 0
1x1/ffffff 14 18 0
1x1/000000 15 18 0
1x1/ffffff 16 18 0
1x1/000000 17 18 0
1x1/ffffff 18 18 0
1x1/000000 19 18 0
1x1/ffffff 20 18 0
1x1/000000 21 18 0
1x1/ffffff 22 18 0
1x1/000000 23 18 0
1x1/ffffff 24 18 0
1x1/000000 25 18 0
1x1/ffffff 26 18 0
1x1/000000 27 18 0
1x1/ffffff 28 18 0
1x1/000000 29 18 0
1x1/ffffff 30 18 0
1x1/000000 31 18 0
1x1/000000 0 19 0
1x1/ffffff 1 19 0
1x1/000000 2 19 0
1x1/ffffff 3 19 0
1x1/000000 4 19 0
1x1/ffffff 5 19 0
1x1/000000 6 19 0
1x1/ffffff 7 19 0
1x1/000000 8 19 0
1x1/ffffff 9 19 0
1x1/000000 10 19 0
1x1/ffffff 11 19 0
1x1/000000 12 19 0
1x1/ffffff 13 19 0
1x1/000000 14 19 0
1x1/ffffff 15 19 0
1x1/000000 16 19 0
1x1/ffffff 17 19 0
1x1/000000 18 19 0
1x1/ffffff 19 19 0
1x1/000000 20 19 0
1x1/ffffff 21 19 0
1x1/000000 22 19 0
1x1/ffffff 23 19 0
1x1/000000 24 19 0
1x1/ffffff 25 19 0
1x1/000000 26 19 0
1x1/ffffff 27 19 0
1x1/000000 28 19 0
1x1/ffffff 29 19 0
1x1/000000 30 19 0
1x1/ffffff 31 19 0
1x1/ffffff 0 20 0
1x1/000000 1 20 0
1x1/ffffff 2 20 0
1x1/000000 3 20 0
1x1/ffffff 4 20 0
1x1/000000 5 20 0
1x1/ffffff 6 20 0
1x1/000000 7 20 0
1x1/ffffff 8 20 0
1x1/000000 9 20 0
1x1/ffffff 10 20 0
1x1/000000 11 20 0
1x1/ffffff 12 20 0
1x1/000000 13 20 0
1x1/ffffff 14 20 0
1x1/000000 15 20 0
1x1/ffffff 16 20 0
1x1/000000 17 20 0
1x1/ffffff 18 20 0
1x1/000000 19 20 0
1x1/ffffff 20 20 0
1x1/000000 21 20 0
1x1/ffffff 22 20 0
1x1/000000 23 20 0
1x1/ffffff 24 20 0
1x1/000000 25 20 0
1x1/ffffff 26 20 0
1x1/000000 27 20 0
1x1/ffffff 28 20 0
1x1/000000 29 20 0
1x1/ffffff 30 20 0
1x1/000000 31 20 0
1x1/000000 0 21 0
1x1/ffffff 1 21 0
1x1/000000 2 21 0
1x1/ffffff 3 21 0
1x1/000000 4 21 0
1x1/ffffff 5 21 0
1x1/000000 6 21 0
1x1/ffffff 7 21 0
1x1/000000 8 21 0
1x1/ffffff 9 21 0
1x1/000000 10 21 0
1x1/ffffff 11 21 0
1x1/000000 12 21 0
1x1/ffffff 13 21 0
1x1/000000 14 21 0
1x1/ffffff 15 21 0
1x1/000000 16 21 0
1x1/ffffff 17 21 0
1x1/000000 18 21 0
1x1/ffffff 19 21 0
1x1/000000 20 21 0
1x1/ffffff 21 21 0
1x1/000000 22 21 0
1x1/ffffff 23 21 0
1x1/000000 24 21 0
1x1/ffffff 25 21 0
1x1/000000 26 21 0
1x1/ffffff 27 21 0
1x1/000000 28 21 0
1x1/ffffff 29 21 0
1x1/000000 30 21 0
1x1/ffffff 31 21 0
1x1/ffffff 0 22 0
1x1/000000 1 22 0
1x1/ffffff 2 22 0
1x1/000000 3 22 0
1x1/ffffff 4 22 0
1x1/000000 5 22 0
1x1/ffffff 6 22 0
1x1/000000 7 22 0
1x1/ffffff 8 22 0
1x1/000000 9 22 0
1x1/ffffff 10 22 0
1x1/000000 11 22 0
1x1/ffffff 12 22 0
1x1/000000 13 22 0
1x1/ffffff 14 22 0
1x1/000000 15 22 0
1x1/ffffff 16 22 0
1x1/000000 17 22 0
1x1/ffffff 18 22 0
1x1/000000 19 22 0
1x1/ffffff 20 22 0
1x1/000000 21 22 0
1x1/ffffff 22 22 0
1x1/000000 23 22 0
1x1/ffffff 24 22 0
1x1/000000 25 22 0
1x1/ffffff 26 22 0
1x1/000000 27 22 0
1x1/ffffff 28 22 0
1x1/000000 29 22 0
1x1/ffffff 30 22 0
1x1/000000 31 22 0
2x1/000000 0 23 1
1x1/ffffff 1 23 0
2x1/000000 2 23 1
1x1/ffffff 3 23 0
2x1/000000 4 23 1
1x1/ffffff 5 23 0
2x1/000000 6 23 1
1x1/ffffff 7 23 0
1x1/000000 8 23 0
1x1/ffffff 9 23 0
1x1/000000 10 23 0
1x1/ffffff 11 23 0
1x1/000000 12 23 0
1x1/ffffff 13 23 0
1x1/000000 14 23 0
1x1/ffffff 15 23 0
1x1/000000 16 23 0
1x1/ffffff 17 23 0
1x1/000000 18 23 0
1x1/ffffff 19 23 0
1x1/000000 20 23 0
1x1/ffffff 21 23 0
1x1/000000 22 23 0
1x1/ffffff 23 23 0
1x1/000000 24 23 0
1x1/ffffff 25 23 0
1x1/000000 26 23 0
1x1/ffffff 27 23 0
1x1/000000 28 23 0
1x1/ffffff 29 23 0
1x1/000000 30 23 0
1x1/ffffff 31 23 0
2x1/000000 1 24 1
2x1/0000ff 3 24 1
2x1/0000ff 5 24 1
4x2/0000ff 7 24 0
4x2/0000ff 11 24 0
4x2/0000ff 15 24 0
4x2/0000ff 19 24 0
4x2/0000ff 23 24 0
4x2/0000ff 27 24 0
2x1/0000ff 31 24 1
2x1/0000ff 0 25 1
2x1/0000ff 2 25 1
2x1/0000ff 4 25 1
2x1/0000ff 6 25 1
2x1/0000ff 1 26 1
2x1/0000ff 3 26 1
2x1/0000ff 5 26 1
4x2/0000ff 7 26 0
4x2/0000ff 11 26 0
4x2/0000ff 15 26 0
4x2/0000ff 19 26 0
4x2/0000ff 23 26 0
4x2/0000ff 27 26 0
2x1/00ffff 31 26 1
2x1/ff0000 0 27 1
2x1/ff0000 2 27 1
2x1/ff0000 4 27 1
2x1/ff0000 6 27 1
2x1/ff0000 1 28 1
2x1/ff0000 3 28 1
2x1/ff0000 5 28 1
4x2/0000ff 7 28 0
4x2/0000ff 11 28 0
4x2/0000ff 15 28 0
4x2/ff00ff 19 28 0
4x2/ff00ff 23 28 0
4x2/ff00ff 27 28 0
2x1/00ffff 31 28 1
2x1/ff0000 0 29 1
2x1/00ff00 2 29 1
2x1/00ff00 4 29 1
2x1/00ff00 6 29 1
2x1/00ff00 1 30 1
2x1/00ff00 3 30 1
2x1/00ff00 5 30 1
4x2/ff00ff 7 30 0
4x2/ff00ff 11 30 0
4x2/ff00ff 15 30 0
4x2/ff00ff 19 30 0
4x2/ff00ff 23 30 0
4x2/ff00ff 27 30 0
2x1/00ffff 31 30 1
1x1/000000 0 31 0
1x1/000000 2 31 0
1x1/000000 4 31 0
1x1/000000 6 31 0
