36 3600 0 2
2x1/000000 0 0 0
2x1/ff0000 2 0 0
2x1/00ff00 4 0 0
2x1/00ff00 6 0 1
2x1/ff0000 7 0 0
2x1/ff0000 9 0 1
2x1/0000ff 10 0 0
2x1/000000 0 1 0
2x1/ff0000 2 1 0
2x1/00ff00 4 1 0
2x1/ff0000 7 1 0
2x1/0000ff 10 1 0
2x1/00ff00 0 2 0
2x1/00ff00 2 2 0
2x1/0000ff 4 2 0
2x1/0000ff 6 2 0
2x1/ff0000 8 2 0
2x1/ff0000 10 2 0
2x1/00ff00 0 3 0
2x1/00ff00 2 3 0
2x1/0000ff 4 3 0
2x1/0000ff 6 3 0
2x1/ff0000 8 3 0
2x1/ff0000 10 3 0
2x1/ff00ff 0 4 0
2x1/00ffff 2 4 0
2x1/00ffff 4 4 0
2x1/00ffff 6 4 0
2x1/000000 8 4 0
2x1/000000 10 4 0
2x1/ff00ff 0 5 0
2x1/00ffff 2 5 0
2x1/00ffff 4 5 0
2x1/00ffff 6 5 0
2x1/000000 8 5 0
2x1/000000 10 5 0
