72 7200 0 47
1x1/000000 0 0 0
1x1/000000 1 0 0
1x1/ff0000 2 0 0
1x1/ff0000 3 0 0
1x1/ff0000 4 0 0
1x1/ff0000 5 0 0
1x1/ff0000 6 0 0
1x1/ff0000 7 0 0
1x1/00ff00 8 0 0
1x1/00ff00 9 0 0
1x1/ff0000 10 0 0
1x1/ff0000 11 0 0
1x1/000000 0 1 0
1x1/000000 1 1 0
1x1/000000 2 1 0
1x1/0000ff 3 1 0
1x1/ff0000 4 1 0
1x1/ff0000 5 1 0
1x1/0000ff 6 1 0
1x1/00ff00 7 1 0
1x1/00ff00 8 1 0
1x1/0000ff 9 1 0
1x1/00ff00 10 1 0
1x1/ff0000 11 1 0
1x1/000000 0 2 0
1x1/0000ff 1 2 0
1x1/0000ff 2 2 0
1x1/0000ff 3 2 0
1x1/0000ff 4 2 0
1x1/0000ff 5 2 0
1x1/0000ff 6 2 0
1x1/0000ff 7 2 0
1x1/0000ff 8 2 0
1x1/ff0000 9 2 0
1x1/ff0000 10 2 0
1x1/ff0000 11 2 0
1x1/ff0000 0 3 0
1x1/ff0000 1 3 0
1x1/0000ff 2 3 0
1x1/0000ff 3 3 0
1x1/0000ff 4 3 0
1x1/0000ff 5 3 0
1x1/0000ff 6 3 0
1x1/0000ff 7 3 0
1x1/ff0000 8 3 0
1x1/ff0000 9 3 0
1x1/000000 10 3 0
1x1/000000 11 3 0
1x1/ff0000 0 4 0
1x1/ff0000 1 4 0
1x1/ff0000 2 4 0
1x1/00ff00 3 4 0
1x1/0000ff 4 4 0
1x1/00ff00 5 4 0
1x1/00ff00 6 4 0
1x1/0000ff 7 4 0
1x1/00ff00 8 4 0
1x1/000000 9 4 0
1x1/000000 10 4 0
1x1/000000 11 4 0
1x1/ff0000 0 5 0
1x1/00ff00 1 5 0
1x1/00ff00 2 5 0
1x1/00ff00 3 5 0
1x1/00ff00 4 5 0
1x1/00ff00 5 5 0
1x1/00ff00 6 5 0
1x1/00ff00 7 5 0
1x1/00ff00 8 5 0
1x1/00ff00 9 5 0
1x1/00ff00 10 5 0
1x1/000000 11 5 0
