64 320.00 90171634 0
16x16/3e95b6 0 0 0
16x16/10929d 16 0 0
16x16/10929d 32 0 0
16x16/3e95b6 48 0 0
16x16/7988a1 64 0 0
16x16/898788 80 0 0
16x16/737271 96 0 0
16x16/898788 112 0 0
16x16/9c9c9c 0 16 0
16x16/a5adb4 16 16 0
16x16/7988a1 32 16 0
16x16/6c96bf 48 16 0
16x16/6c96bf 64 16 0
16x16/9ca3a8 80 16 0
16x16/9ba19d 96 16 0
16x16/898788 112 16 0
16x16/4d4c52 0 32 0
16x16/abadac 16 32 0
16x16/958a73 32 32 0
16x16/645a4c 48 32 0
16x16/3e3c39 64 32 0
16x16/595d60 80 32 0
16x16/467083 96 32 0
16x16/6c6e68 112 32 0
16x16/1b2a34 0 48 0
16x16/575857 16 48 0
16x16/3e3c39 32 48 0
16x16/635f52 48 48 0
16x16/5c5030 64 48 0
16x16/1b2a34 80 48 0
16x16/467083 96 48 0
16x16/575857 112 48 0
16x16/352100 0 64 0
16x16/635f52 16 64 0
16x16/645a4c 32 64 0
16x16/755945 48 64 0
16x16/6d6e5c 64 64 0
16x16/3e3c39 80 64 0
16x16/27867e 96 64 0
16x16/1b2a34 112 64 0
16x16/3e3c39 0 80 0
16x16/3e3c39 16 80 0
16x16/1b2a34 32 80 0
16x16/3e3c39 48 80 0
16x16/3e3c39 64 80 0
16x16/1b2a34 80 80 0
16x16/1b2a34 96 80 0
16x16/352100 112 80 0
16x16/352100 0 96 0
16x16/05131d 16 96 0
16x16/05131d 32 96 0
16x16/1b2a34 48 96 0
16x16/0a1327 64 96 0
16x16/1b2a34 80 96 0
16x16/352100 96 96 0
16x16/3e3c39 112 96 0
16x16/352100 0 112 0
16x16/05131d 16 112 0
16x16/05131d 32 112 0
16x16/05131d 48 112 0
16x16/352100 64 112 0
16x16/352100 80 112 0
16x16/3e3c39 96 112 0
16x16/5c5030 112 112 0
