64 320.00 189554560 0
16x16/3592c3 0 0 0
16x16/10929d 16 0 0
16x16/0059a3 32 0 0
16x16/a5a5cb 48 0 0
16x16/adc3c0 64 0 0
16x16/9ba19d 80 0 0
16x16/898788 96 0 0
16x16/898788 112 0 0
16x16/d4d5c9 0 16 0
16x16/3e95b6 16 16 0
16x16/1591cb 32 16 0
16x16/1591cb 48 16 0
16x16/3592c3 64 16 0
16x16/6074a1 80 16 0
16x16/9ca3a8 96 16 0
16x16/a5adb4 112 16 0
16x16/abadac 0 32 0
16x16/bdc6ad 16 32 0
16x16/1b2a34 32 32 0
16x16/1b2a34 48 32 0
16x16/1b2a34 64 32 0
16x16/5f7d8c 80 32 0
16x16/b3d7d1 96 32 0
16x16/9c9c9c 112 32 0
16x16/1b2a34 0 48 0
16x16/6d6e5c 16 48 0
16x16/3e3c39 32 48 0
16x16/575857 48 48 0
16x16/958a73 64 48 0
16x16/05131d 80 48 0
16x16/354e5a 96 48 0
16x16/6c6e68 112 48 0
16x16/352100 0 64 0
16x16/05131d 16 64 0
16x16/583927 32 64 0
16x16/abadac 48 64 0
16x16/5c5030 64 64 0
16x16/616161 80 64 0
16x16/0059a3 96 64 0
16x16/575857 112 64 0
16x16/330000 0 80 0
16x16/352100 16 80 0
16x16/5c5030 32 80 0
16x16/352100 48 80 0
16x16/cdc298 64 80 0
16x16/352100 80 80 0
16x16/0d4763 96 80 0
16x16/352100 112 80 0
16x16/05131d 0 96 0
16x16/05131d 16 96 0
16x16/3e3c39 32 96 0
16x16/05131d 48 96 0
16x16/0a1327 64 96 0
16x16/0a3463 80 96 0
16x16/05131d 96 96 0
16x16/4d4c52 112 96 0
16x16/582a12 0 112 0
16x16/352100 16 112 0
16x16/05131d 32 112 0
16x16/352100 48 112 0
16x16/958a73 64 112 0
16x16/1b2a34 80 112 0
16x16/05131d 96 112 0
16x16/330000 112 112 0
