1496 111.83 1565011 14
2x3/1591cb 0 0 0
1x1/078bc9 2 0 0
1x5/1591cb 3 0 0
1x3/078bc9 4 0 1
2x4/1591cb 7 0 0
1x12/078bc9 9 0 1
1x12/078bc9 21 0 1
2x16/078bc9 33 0 1
2x4/078bc9 49 0 1
1x3/078bc9 53 0 1
1x5/1591cb 56 0 0
1x1/3592c3 57 0 0
1x1/3e95b6 58 0 0
1x1/5b98b3 59 0 0
1x1/6c96bf 60 0 0
1x1/68aece 61 0 0
1x1/7dbfdd 62 0 0
1x1/a5a5cb 63 0 0
1x3/1591cb 2 1 0
3x3/1591cb 4 1 0
3x3/1591cb 9 1 0
1x4/1591cb 12 1 0
1x1/078bc9 13 1 0
1x5/1591cb 14 1 0
1x6/078bc9 15 1 1
1x1/078bc9 21 1 0
1x1/1591cb 22 1 0
1x10/078bc9 23 1 1
1x1/078bc9 53 1 0
2x4/1591cb 54 1 0
1x4/1591cb 57 1 0
1x2/3592c3 58 1 1
1x1/3e95b6 60 1 0
1x1/5b98b3 61 1 0
1x2/7396c8 62 1 1
1x3/1591cb 13 2 0
3x3/1591cb 15 2 0
2x2/1591cb 18 2 0
1x1/1591cb 20 2 0
1x3/3592c3 21 2 1
1x2/1591cb 24 2 1
1x1/078bc9 26 2 0
1x3/1591cb 27 2 0
1x12/078bc9 28 2 1
1x5/078bc9 40 2 1
4x4/1591cb 45 2 0
1x2/078bc9 49 2 1
3x3/1591cb 51 2 0
1x4/1591cb 58 2 0
2x4/3592c3 59 2 0
1x3/3e95b6 61 2 1
1x2/10929d 0 3 1
1x2/3592c3 20 3 0
1x1/3e95b6 21 3 0
1x2/5b98b3 22 3 1
1x1/3592c3 24 3 0
1x2/1591cb 25 3 1
3x3/1591cb 28 3 0
1x1/078bc9 31 3 0
4x12/1591cb 32 3 1
1x3/1591cb 44 3 0
2x2/1591cb 49 3 0
3x3/3592c3 61 3 0
1x2/0059a3 0 4 1
1x1/10929d 2 4 0
1x5/1591cb 4 4 1
2x6/3592c3 9 4 0
1x1/1591cb 11 4 0
1x1/1591cb 18 4 0
1x10/3592c3 19 4 0
1x2/6c96bf 21 4 0
1x3/68aece 22 4 0
1x1/7396c8 23 4 0
1x1/5b98b3 24 4 0
1x2/3592c3 25 4 1
1x3/1591cb 31 4 0
1x4/0a3463 0 5 0
1x1/0d4763 1 5 0
1x2/0059a3 2 5 1
1x1/10929d 4 5 0
2x4/3592c3 5 5 1
2x6/3592c3 11 5 0
1x6/3592c3 13 5 0
1x2/1591cb 15 5 1
2x8/3592c3 17 5 0
1x1/3e95b6 20 5 0
2x3/68aece 23 5 0
1x1/5b98b3 25 5 0
1x2/3592c3 26 5 1
1x1/1591cb 49 5 0
1x8/3592c3 50 5 1
1x4/0a3463 1 6 0
1x1/0d4763 2 6 0
1x2/0059a3 3 6 1
2x6/3592c3 14 6 0
1x6/3592c3 16 6 0
1x10/3592c3 20 6 0
1x1/5b98b3 21 6 0
1x2/68aece 25 6 0
1x1/3e95b6 26 6 0
1x3/3592c3 27 6 1
1x1/1591cb 30 6 0
2x6/3592c3 44 6 1
1x1/3e95b6 50 6 0
1x1/6c96bf 51 6 0
1x1/68aece 52 6 0
1x4/5b98b3 53 6 1
1x6/3592c3 57 6 1
1x10/3592c3 63 6 0
2x3/0a3463 2 7 0
1x1/0d4763 4 7 0
1x2/0059a3 5 7 0
1x3/3592c3 6 7 1
1x1/3e95b6 21 7 0
1x1/5b98b3 22 7 0
1x2/5b98b3 26 7 0
1x3/3e95b6 27 7 0
8x8/3592c3 28 7 0
2x6/3592c3 36 7 0
1x1/1591cb 38 7 0
3x3/3592c3 39 7 0
2x2/3592c3 42 7 0
1x2/68aece 50 7 0
1x5/7dbfdd 51 7 1
1x1/68aece 56 7 0
1x1/5b98b3 57 7 0
2x4/3e95b6 58 7 1
1x8/3592c3 62 7 0
1x4/0a3463 4 8 0
1x1/10929d 6 8 0
1x2/3592c3 7 8 1
1x8/3592c3 21 8 0
1x1/3e95b6 22 8 0
1x3/5b98b3 23 8 1
1x4/3592c3 38 8 0
1x5/3592c3 44 8 1
1x1/3e95b6 49 8 0
1x3/9fc3e9 51 8 0
2x2/b4d2e3 52 8 0
1x2/9fc3e9 54 8 1
1x1/7dbfdd 56 8 0
1x1/68aece 57 8 0
1x1/1b2a34 0 9 0
1x1/0d4763 5 9 0
1x1/0059a3 6 9 0
1x1/10929d 7 9 0
1x1/3592c3 8 9 0
4x8/3592c3 22 9 0
1x1/3e95b6 26 9 0
1x1/3592c3 42 9 0
1x1/5b98b3 43 9 0
1x1/68aece 44 9 0
1x1/5a93db 45 9 0
3x3/3592c3 46 9 0
1x1/5b98b3 49 9 0
1x1/7dbfdd 50 9 0
1x1/afb5c7 54 9 0
1x1/a5a5cb 55 9 0
1x2/68aece 56 9 0
1x1/6c96bf 57 9 0
1x1/3e95b6 58 9 0
3x3/3592c3 59 9 0
1x2/0a1327 0 10 0
1x2/1b2a34 1 10 1
1x1/0a3463 3 10 0
1x3/0a3463 5 10 0
1x1/0d4763 6 10 0
1x1/0059a3 7 10 0
1x1/10929d 8 10 0
1x2/3592c3 9 10 1
2x6/3592c3 26 10 0
1x3/3592c3 39 10 1
1x1/68aece 42 10 0
1x2/7dbfdd 43 10 1
1x4/68aece 45 10 0
1x1/5a93db 49 10 0
1x2/68aece 50 10 0
1x1/9fc3e9 52 10 0
1x1/7dbfdd 53 10 0
1x2/68aece 54 10 0
1x1/68aece 55 10 0
1x1/3e95b6 57 10 0
1x3/3592c3 58 10 0
1x2/0a1327 1 11 0
1x2/1b2a34 2 11 1
1x2/0a3463 6 11 0
1x1/0d4763 7 11 0
1x1/0059a3 8 11 0
1x1/10929d 9 11 0
1x1/3e95b6 10 11 0
1x3/3592c3 11 11 1
1x1/3592c3 39 11 0
1x1/5b98b3 40 11 0
1x1/68aece 41 11 0
1x1/7dbfdd 42 11 0
1x2/9fc3e9 43 11 1
1x1/3e95b6 49 11 0
1x5/68aece 51 11 0
1x2/68aece 52 11 1
1x1/3e95b6 55 11 0
2x2/3592c3 56 11 0
1x2/05131d 0 12 0
1x4/0a1327 2 12 0
1x2/1b2a34 3 12 1
1x2/0a3463 7 12 0
1x1/0d4763 8 12 0
1x1/0059a3 9 12 0
1x2/27867e 10 12 1
1x3/3e95b6 12 12 1
1x2/3592c3 15 12 1
1x1/3e95b6 38 12 0
1x1/68aece 39 12 0
1x1/7dbfdd 40 12 0
1x1/9fc3e9 41 12 0
1x3/b4d2e3 42 12 1
1x1/3e95b6 46 12 0
1x3/3592c3 47 12 1
1x1/55a5af 50 12 0
1x1/5b98b3 52 12 0
1x1/3e95b6 53 12 0
1x2/3592c3 54 12 0
1x1/3592c3 55 12 0
1x3/3592c3 59 12 1
1x12/05131d 1 13 0
1x6/0a1327 3 13 0
1x3/1b2a34 4 13 1
2x3/0a3463 8 13 0
1x3/0d4763 10 13 1
1x2/27867e 13 13 1
1x2/3e95b6 15 13 1
1x2/3592c3 17 13 1
1x2/3592c3 36 13 1
1x3/68aece 38 13 0
1x1/7dbfdd 39 13 0
1x6/b4d2e3 40 13 0
1x3/c9cae2 41 13 0
1x2/d9d9d9 42 13 0
1x1/c9cae2 43 13 0
1x1/b4d2e3 44 13 0
1x2/68aece 46 13 0
1x1/3592c3 47 13 0
1x1/3e95b6 48 13 0
1x2/68aece 49 13 1
1x1/3e95b6 52 13 0
1x1/3592c3 53 13 0
1x1/3e95b6 55 13 0
1x1/55a5af 56 13 0
1x1/68aece 57 13 0
1x1/5b98b3 58 13 0
1x1/3e95b6 59 13 0
2x2/3592c3 60 13 0
1x1/0a1327 0 14 0
1x4/0a1327 4 14 0
1x3/1b2a34 5 14 1
3x3/0a3463 10 14 0
1x2/0d4763 13 14 1
1x2/27867e 15 14 1
1x2/3e95b6 17 14 1
1x1/3592c3 19 14 0
1x2/3e95b6 36 14 0
1x1/55a5af 37 14 0
1x2/9fc3e9 39 14 0
1x2/b4d2e3 43 14 0
1x2/9fc3e9 44 14 0
1x2/7dbfdd 45 14 0
1x2/68aece 47 14 1
1x2/7dbfdd 49 14 1
2x3/68aece 52 14 1
1x2/68aece 55 14 1
1x1/7dbfdd 57 14 0
1x2/68aece 58 14 1
1x12/05131d 0 15 0
1x4/0a1327 5 15 0
2x2/1b2a34 6 15 0
2x3/0a3463 13 15 0
1x2/0d4763 15 15 1
1x1/27867e 17 15 0
1x2/3e95b6 18 15 1
1x6/3592c3 28 15 1
1x1/3592c3 34 15 0
1x2/3e95b6 35 15 0
1x5/68aece 37 15 0
1x1/c9cae2 42 15 0
1x5/7dbfdd 46 15 0
1x3/9fc3e9 47 15 1
1x3/7dbfdd 50 15 0
1x3/7dbfdd 55 15 0
1x1/7dbfdd 56 15 0
1x1/afb5c7 57 15 0
1x2/7dbfdd 58 15 0
1x2/68aece 59 15 0
1x4/3e95b6 60 15 0
1x2/3592c3 61 15 1
1x1/05131d 2 16 0
2x3/1b2a34 8 16 0
2x3/0a3463 15 16 0
1x1/0d4763 17 16 0
1x1/27867e 18 16 0
1x3/3e95b6 19 16 1
1x3/3592c3 26 16 1
1x2/36aebf 29 16 1
1x4/3e95b6 31 16 1
1x1/55a5af 36 16 0
1x1/7dbfdd 38 16 0
1x3/b4d2e3 39 16 0
1x2/b4d2e3 41 16 0
1x1/b4d2e3 42 16 0
1x1/9fc3e9 43 16 0
1x4/7dbfdd 44 16 0
1x2/68aece 45 16 0
1x2/b4d2e3 47 16 1
1x2/9fc3e9 49 16 0
1x4/7dbfdd 51 16 1
1x1/a5a5cb 56 16 0
1x1/9fc3e9 57 16 0
2x3/3e95b6 61 16 1
1x1/0a1327 2 17 0
1x2/0a1327 6 17 0
1x1/1b2a34 7 17 0
1x4/1b2a34 10 17 0
1x2/0a3463 11 17 1
1x4/0a3463 17 17 0
1x2/0d4763 18 17 0
1x1/27867e 19 17 0
1x2/3e95b6 20 17 1
1x3/5b98b3 22 17 0
1x8/3e95b6 23 17 1
1x1/3e95b6 31 17 0
1x1/5b98b3 32 17 0
1x1/68aece 33 17 0
1x1/5b98b3 34 17 0
1x1/55a5af 35 17 0
1x3/68aece 36 17 0
1x2/9fc3e9 38 17 0
1x1/9fc3e9 42 17 0
1x3/7dbfdd 43 17 0
1x1/9fc3e9 47 17 0
1x1/b4d2e3 48 17 0
1x1/7dbfdd 51 17 0
2x2/a5a5cb 52 17 0
1x2/7dbfdd 54 17 0
1x1/7dbfdd 56 17 0
1x2/68aece 57 17 0
1x1/68aece 58 17 0
1x3/5b98b3 59 17 0
1x12/05131d 2 18 0
1x12/05131d 4 18 0
1x2/0a1327 7 18 0
3x3/1b2a34 11 18 0
1x1/0a3463 14 18 0
1x1/0d4763 19 18 0
1x1/467083 20 18 0
1x1/3e95b6 21 18 0
1x1/5b98b3 23 18 0
1x2/55a5af 24 18 1
1x2/5b98b3 26 18 1
1x1/a5a5cb 28 18 0
1x1/d4d5c9 29 18 0
1x1/afb5c7 30 18 0
1x3/d4d5c9 31 18 1
1x1/bd7d85 34 18 0
1x1/68aece 35 18 0
1x1/afb5c7 41 18 0
1x2/7dbfdd 42 18 0
1x3/7dbfdd 45 18 0
1x1/afb5c7 47 18 0
1x1/9fc3e9 48 18 0
2x2/a5a5cb 49 18 0
1x1/a5a5cb 51 18 0
2x2/68aece 55 18 0
1x1/6c96bf 58 18 0
1x1/3e95b6 61 18 0
1x2/467083 62 18 0
1x1/467083 63 18 0
1x12/05131d 3 19 0
2x10/05131d 5 19 0
1x2/0a1327 8 19 0
1x1/1b2a34 9 19 0
2x4/1b2a34 14 19 0
1x1/0a3463 16 19 0
2x2/0a3463 18 19 0
1x1/0d4763 20 19 0
1x1/467083 21 19 0
1x1/afb5c7 23 19 0
1x2/f6d7b3 24 19 0
1x1/e4cd9e 25 19 0
1x5/dec69c 26 19 1
1x1/cdc298 31 19 0
1x1/cca373 32 19 0
1x1/ae7a59 33 19 0
1x1/764d3b 34 19 0
1x1/6c96bf 35 19 0
1x1/7dbfdd 38 19 0
1x2/afb5c7 39 19 1
1x1/a5a5cb 41 19 0
1x2/7dbfdd 47 19 1
1x1/7dbfdd 51 19 0
1x1/a5a5cb 52 19 0
1x1/7dbfdd 53 19 0
1x2/68aece 54 19 0
1x2/5b98b3 57 19 0
1x1/5b98b3 58 19 0
1x1/6074a1 60 19 0
1x2/467083 61 19 0
1x3/0d4763 63 19 0
1x8/05131d 7 20 0
1x3/0a1327 9 20 0
1x4/1b2a34 16 20 0
1x1/0a3463 20 20 0
1x1/5f7d8c 21 20 0
1x2/e6e3da 22 20 1
1x1/dec69c 25 20 0
1x1/dcbc81 26 20 0
1x2/cca373 27 20 1
1x1/bd7d85 29 20 0
1x1/ad6140 30 20 0
1x1/965336 31 20 0
1x1/872b17 32 20 0
1x1/582a12 33 20 0
1x1/3e3c39 34 20 0
1x1/5b98b3 35 20 0
1x1/6c96bf 36 20 0
1x1/7396c8 37 20 0
1x2/68aece 38 20 1
1x1/7dbfdd 40 20 0
2x4/68aece 41 20 1
4x4/68aece 46 20 0
2x3/68aece 50 20 0
1x2/68aece 52 20 0
1x1/68aece 53 20 0
1x1/6c96bf 55 20 0
1x1/5b98b3 56 20 0
1x1/3e95b6 58 20 0
2x2/467083 59 20 0
1x1/354e5a 62 20 0
1x10/05131d 8 21 0
1x3/0a1327 10 21 0
2x3/1b2a34 11 21 1
1x2/1b2a34 17 21 0
1x1/1b2a34 18 21 0
1x1/0a3463 19 21 0
1x1/abadac 20 21 0
1x1/e6e3da 21 21 0
1x1/d4d5c9 22 21 0
1x1/dec69c 23 21 0
1x1/cca373 24 21 0
1x1/ae7a59 25 21 0
1x2/945148 26 21 1
1x1/764d3b 28 21 0
1x1/582a12 29 21 0
1x1/352100 30 21 0
1x1/330000 31 21 0
2x3/05131d 32 21 0
1x4/05131d 34 21 1
1x1/0a1327 38 21 0
1x1/354e5a 39 21 0
1x1/6074a1 40 21 0
1x3/68aece 45 21 0
1x2/6c96bf 53 21 0
1x2/5b98b3 54 21 1
1x1/6074a1 56 21 0
2x3/467083 57 21 0
1x2/354e5a 61 21 0
1x1/0d4763 62 21 0
1x1/184632 18 22 0
1x1/d4d5c9 19 22 0
1x1/e6e3da 20 22 0
1x1/d4d5c9 21 22 0
1x1/dec69c 22 22 0
1x1/cca373 23 22 0
1x1/ae7a59 24 22 0
1x2/582a12 25 22 1
1x1/352100 27 22 0
1x1/330000 28 22 0
1x3/05131d 29 22 1
1x1/0a1327 34 22 0
2x6/05131d 35 22 1
1x3/05131d 41 22 0
1x1/467083 42 22 0
1x2/68aece 43 22 1
1x1/6c96bf 52 22 0
1x1/6074a1 54 22 0
2x3/467083 55 22 0
1x1/467083 59 22 0
1x1/354e5a 60 22 0
1x1/354e5a 62 22 0
1x2/467083 63 22 0
1x6/05131d 9 23 0
1x2/0a1327 11 23 0
1x4/1b2a34 12 23 1
1x1/bdc6ad 17 23 0
1x2/e6e3da 18 23 0
1x1/e6e3da 19 23 0
1x1/f6d7b3 20 23 0
1x1/dec69c 21 23 0
1x1/cca373 22 23 0
1x1/907450 23 23 0
1x1/583927 24 23 0
1x1/352100 25 23 0
1x1/330000 26 23 0
2x2/05131d 27 23 0
1x1/05131d 29 23 0
1x1/0a1327 30 23 0
1x1/1b2a34 31 23 0
1x1/05131d 34 23 0
1x3/05131d 42 23 0
1x1/1b2a34 43 23 0
1x1/68aece 44 23 0
1x2/6c96bf 50 23 1
1x1/5b98b3 52 23 0
1x1/6074a1 53 23 0
1x2/467083 54 23 0
1x1/354e5a 59 23 0
2x2/467083 60 23 0
1x1/467083 62 23 0
1x5/05131d 10 24 0
1x3/0a1327 12 24 0
1x2/1b2a34 13 24 1
1x1/9c9c9c 15 24 0
1x1/d4d5c9 16 24 0
1x1/e6e3da 17 24 0
1x1/e4cd9e 19 24 0
1x1/cdc298 20 24 0
1x1/ae7a59 21 24 0
1x1/915c3c 22 24 0
1x1/583927 23 24 0
1x1/352100 24 24 0
2x3/05131d 25 24 0
1x1/1b2a34 29 24 0
1x1/3e3c39 30 24 0
1x1/4d4c52 31 24 0
2x2/898788 32 24 0
1x2/737271 34 24 0
1x1/595d60 35 24 0
1x1/4d4c52 36 24 0
1x1/595d60 37 24 0
1x3/354e5a 38 24 0
1x1/1b2a34 39 24 0
1x1/05131d 40 24 0
1x1/05131d 43 24 0
1x2/1b2a34 44 24 0
1x1/5b98b3 45 24 0
1x2/68aece 46 24 1
1x1/6c96bf 48 24 0
1x2/5b98b3 49 24 1
1x1/6074a1 51 24 0
1x1/5f7d8c 52 24 0
1x2/467083 53 24 0
1x1/354e5a 57 24 0
1x5/467083 58 24 0
1x2/467083 59 24 0
2x2/5f7d8c 62 24 0
1x6/05131d 1 25 0
1x4/05131d 11 25 0
1x1/0a1327 13 25 0
1x1/bdc6ad 14 25 0
1x2/e6e3da 15 25 0
1x1/e6e3da 16 25 0
1x1/f6d7b3 17 25 0
1x1/dec69c 18 25 0
1x1/cca373 19 25 0
1x1/ae7a59 20 25 0
1x1/7c503a 21 25 0
1x1/583927 22 25 0
1x1/352100 23 25 0
1x12/05131d 24 25 0
1x1/05131d 27 25 0
1x2/616161 28 25 1
1x2/898788 30 25 0
1x1/737271 31 25 0
1x1/6c6e68 35 25 0
1x1/595d60 36 25 0
1x1/4d4c52 37 25 0
2x2/354e5a 39 25 0
1x1/1b2a34 41 25 0
1x1/1b2a34 43 25 0
1x3/0a1327 45 25 0
1x3/5b98b3 46 25 1
1x1/6074a1 49 25 0
1x3/467083 50 25 1
1x3/354e5a 54 25 1
1x4/467083 57 25 0
2x2/5f7d8c 60 25 0
1x1/4d4c52 13 26 0
1x2/f6d7b3 14 26 0
1x1/dec69c 16 26 0
1x1/dcbc81 17 26 0
1x1/cdc298 18 26 0
1x1/ae7a59 19 26 0
1x1/764d3b 20 26 0
1x1/583927 21 26 0
1x1/352100 22 26 0
1x2/05131d 23 26 0
1x1/575857 27 26 0
1x1/898788 28 26 0
1x1/9c9c9c 29 26 0
1x1/9c9c9c 31 26 0
1x1/9ca3a8 32 26 0
1x1/7988a1 33 26 0
1x1/616161 34 26 0
1x1/354e5a 35 26 0
1x1/575857 36 26 0
1x1/595d60 37 26 0
1x2/3e3c39 41 26 1
1x1/05131d 43 26 0
1x1/3e3c39 44 26 0
1x1/1b2a34 46 26 0
1x1/6074a1 47 26 0
1x2/467083 48 26 1
1x1/27867e 50 26 0
4x8/0d4763 51 26 0
1x1/354e5a 55 26 0
1x3/467083 56 26 0
1x1/5f7d8c 59 26 0
1x2/467083 62 26 0
1x1/467083 63 26 0
1x4/05131d 0 27 0
1x1/05131d 12 27 0
1x1/b4a774 13 27 0
1x1/e4cd9e 15 27 0
2x2/cca373 16 27 0
1x1/bd7d85 18 27 0
1x1/7c503a 19 27 0
1x1/583927 20 27 0
1x1/582a12 21 27 0
1x1/05131d 22 27 0
1x3/05131d 25 27 0
1x1/1b2a34 26 27 0
1x1/616161 27 27 0
1x1/6c6e68 28 27 0
1x1/9ca3a8 29 27 0
1x1/d9d9d9 30 27 0
1x1/9ca3a8 31 27 0
1x1/0a1327 32 27 0
1x6/05131d 33 27 1
1x1/575857 39 27 0
1x3/354e5a 40 27 1
1x4/3e3c39 43 27 0
1x1/05131d 44 27 0
1x12/05131d 46 27 0
1x1/0a3463 47 27 0
1x1/354e5a 48 27 0
2x6/0d4763 49 27 0
1x1/467083 55 27 0
1x3/467083 59 27 1
1x1/354e5a 63 27 0
1x1/05131d 7 28 0
1x1/0a1327 12 28 0
1x1/dec69c 13 28 0
1x3/e4cd9e 14 28 0
1x2/dec69c 15 28 0
1x1/907450 18 28 0
1x1/583927 19 28 0
1x4/352100 20 28 0
1x1/05131d 21 28 0
1x2/330000 22 28 0
1x1/330000 23 28 0
1x1/3e3c39 26 28 0
1x1/6c6e68 27 28 0
1x1/616161 28 28 0
1x2/adc3c0 29 28 1
2x2/05131d 31 28 0
1x2/05131d 33 28 1
1x1/0a1327 35 28 0
1x4/05131d 36 28 1
1x1/3e3c39 40 28 0
1x1/1b2a34 41 28 0
1x1/4d4c52 42 28 0
1x1/1b2a34 44 28 0
1x2/05131d 45 28 0
1x12/05131d 47 28 0
1x1/0d4763 48 28 0
1x2/354e5a 55 28 0
1x3/354e5a 59 28 1
2x4/0d4763 62 28 0
1x2/05131d 5 29 0
2x2/0a1327 6 29 0
1x1/05131d 9 29 0
1x2/0a1327 10 29 0
1x1/0a1327 11 29 0
1x1/737271 12 29 0
1x3/f6d7b3 13 29 0
1x1/cca373 16 29 0
1x1/ae7a59 17 29 0
1x1/764d3b 18 29 0
1x4/57392c 19 29 0
1x2/330000 21 29 0
1x10/05131d 23 29 0
1x1/6c6e68 26 29 0
1x1/616161 27 29 0
1x1/898788 28 29 0
1x1/737271 29 29 0
1x5/05131d 30 29 0
1x1/0a1327 33 29 0
1x1/1b2a34 34 29 0
1x1/3e95b6 35 29 0
1x1/6c96bf 36 29 0
1x1/354e5a 37 29 0
1x3/05131d 38 29 1
1x2/3e3c39 41 29 1
1x3/3e3c39 44 29 0
1x1/0a3463 48 29 0
1x3/354e5a 56 29 1
2x8/0d4763 59 29 0
1x12/0d4763 61 29 0
1x2/05131d 2 30 0
1x2/05131d 4 30 0
1x1/0a1327 9 30 0
1x1/1b2a34 11 30 0
1x1/e4cd9e 12 30 0
1x1/dcbc81 15 30 0
1x1/bd7d85 16 30 0
1x1/907450 17 30 0
1x4/583927 18 30 0
1x5/05131d 22 30 0
1x1/1b2a34 25 30 0
1x1/616161 26 30 0
1x2/737271 27 30 0
1x1/737271 28 30 0
1x8/05131d 29 30 0
1x1/05131d 31 30 0
1x1/467083 32 30 0
1x1/3e95b6 33 30 0
1x2/5ac4da 34 30 1
1x1/c1dff0 36 30 0
1x3/7dbfdd 37 30 0
1x1/9fc3e9 38 30 0
1x1/1b2a34 39 30 0
2x2/05131d 40 30 0
1x1/3e3c39 42 30 0
1x5/3e3c39 45 30 0
1x1/0a1327 48 30 0
4x4/0d4763 55 30 0
1x1/0a1327 0 31 0
1x1/05131d 1 31 0
1x1/05131d 3 31 0
1x2/0a1327 5 31 1
1x2/1b2a34 7 31 0
1x1/0a1327 8 31 0
1x2/1b2a34 9 31 1
1x1/958a73 11 31 0
1x4/f6d7b3 12 31 0
1x2/dec69c 14 31 0
1x3/cca373 15 31 0
1x2/ae7a59 16 31 0
1x1/945148 17 31 0
1x3/05131d 21 31 0
1x1/4d4c52 25 31 0
1x2/575857 26 31 0
1x1/575857 28 31 0
1x1/1b2a34 31 31 0
1x1/27867e 32 31 0
1x4/7dbfdd 33 31 1
1x1/7dbfdd 38 31 0
1x1/6c96bf 39 31 0
1x1/1b2a34 42 31 0
1x2/4d4c52 43 31 0
1x6/05131d 48 31 0
1x6/1b2a34 0 32 1
1x1/1b2a34 6 32 0
1x1/1b2a34 8 32 0
1x1/3e3c39 9 32 0
1x1/4d4c52 10 32 0
1x6/f6d7b3 11 32 0
1x1/e4cd9e 13 32 0
1x1/764d3b 17 32 0
1x4/05131d 20 32 0
1x2/575857 25 32 0
1x2/5e5e5e 27 32 0
1x5/05131d 28 32 0
1x1/0a3463 31 32 0
2x3/0d4763 32 32 0
1x2/b4d2e3 34 32 1
1x1/9fc3e9 36 32 0
1x1/5b98b3 38 32 0
1x3/467083 39 32 0
1x1/1b2a34 40 32 0
2x2/05131d 41 32 0
1x8/1b2a34 44 32 0
1x2/0d4763 62 32 1
1x2/3e3c39 0 33 0
2x2/4d4c52 1 33 0
1x6/3e3c39 3 33 1
1x2/4d4c52 9 33 0
1x1/958a73 10 33 0
1x6/dec69c 13 33 0
1x3/dcbc81 14 33 0
1x2/907450 16 33 0
1x1/5e3f33 17 33 0
1x1/3e3c39 19 33 0
1x1/5e5e5e 26 33 0
1x1/1b2a34 31 33 0
1x1/354e5a 34 33 0
1x1/3e95b6 35 33 0
2x3/467083 36 33 1
1x1/354e5a 40 33 0
1x3/575857 43 33 0
1x2/0d4763 49 33 0
1x1/0d4763 50 33 0
2x2/354e5a 62 33 0
1x1/4d4c52 3 34 0
1x5/3e3c39 4 34 1
1x4/f6d7b3 10 34 0
1x2/bd7d85 15 34 0
1x2/583927 17 34 0
1x1/582a12 18 34 0
1x2/352100 19 34 0
1x1/0a1327 21 34 0
1x2/6b5a5a 25 34 0
1x2/6d6e5c 26 34 0
1x1/6c6e68 27 34 0
1x1/0a1327 30 34 0
1x3/0d4763 31 34 0
1x1/0d4763 34 34 0
1x1/27867e 35 34 0
1x1/467083 40 34 0
1x1/0a1327 41 34 0
1x1/05131d 42 34 0
1x4/354e5a 50 34 1
1x5/0d4763 54 34 1
1x1/1b2a34 0 35 0
1x1/354e5a 1 35 0
1x1/3e3c39 2 35 0
1x2/1b2a34 3 35 1
1x1/3e3c39 5 35 0
1x5/1b2a34 6 35 0
1x2/1b2a34 7 35 0
1x1/1b2a34 8 35 0
1x1/898788 9 35 0
1x1/dec69c 12 35 0
1x3/755945 16 35 0
1x1/352100 18 35 0
1x1/1b2a34 21 35 0
1x1/0a1327 22 35 0
1x1/6b5a5a 27 35 0
1x5/05131d 30 35 0
1x2/27867e 32 35 0
1x2/3e95b6 33 35 1
1x3/467083 35 35 0
1x2/5b98b3 36 35 1
1x2/5f7d8c 38 35 1
1x1/354e5a 40 35 0
1x1/1b2a34 41 35 0
1x1/0a1327 42 35 0
1x3/1b2a34 45 35 0
1x1/354e5a 49 35 0
4x8/467083 50 35 0
1x8/467083 54 35 0
1x2/354e5a 55 35 1
1x2/0d4763 57 35 1
2x16/0d4763 62 35 0
2x8/0a1327 0 36 0
1x1/1b2a34 2 36 0
1x1/0a1327 3 36 0
2x2/1b2a34 4 36 0
1x1/0a3463 8 36 0
1x1/d4d5c9 9 36 0
1x1/e4cd9e 12 36 0
1x1/cdc298 14 36 0
1x3/ae7a59 15 36 0
1x5/3e3c39 17 36 0
1x1/1b2a34 18 36 0
1x1/05131d 19 36 0
1x1/1b2a34 20 36 0
1x12/0d4763 21 36 0
1x1/1b2a34 22 36 0
1x1/645a4c 25 36 0
1x1/6b5a5a 26 36 0
1x2/645a4c 27 36 0
1x2/27867e 33 36 0
1x1/467083 34 36 0
1x1/6074a1 36 36 0
1x1/5f7d8c 37 36 0
1x2/467083 38 36 1
1x1/1b2a34 40 36 0
1x1/05131d 41 36 0
1x1/1b2a34 42 36 0
1x1/4d4c52 43 36 0
1x8/467083 49 36 0
4x6/467083 55 36 0
1x10/0a1327 2 37 0
1x1/1b2a34 3 37 0
1x1/0a3463 7 37 0
1x1/898788 8 37 0
1x6/f6d7b3 9 37 0
1x1/f6d7b3 12 37 0
1x2/cca373 14 37 0
1x2/352100 18 37 0
1x1/0a1327 19 37 0
1x6/0d4763 20 37 0
1x12/0d4763 22 37 0
1x4/05131d 24 37 0
1x1/3e3c39 25 37 0
1x2/4d4c52 26 37 0
1x2/4d4c52 28 37 0
1x1/0a1327 31 37 0
1x1/0d4763 32 37 0
1x1/27867e 34 37 0
1x1/5f7d8c 36 37 0
1x2/467083 37 37 0
1x2/354e5a 38 37 1
1x1/575857 40 37 0
1x1/0a1327 41 37 0
1x2/3e3c39 42 37 1
1x1/05131d 48 37 0
1x1/27867e 59 37 0
1x12/0d4763 60 37 0
2x10/0a1327 3 38 0
1x2/1b2a34 5 38 0
1x1/0d4763 7 38 0
1x1/d4d5c9 8 38 0
1x3/d4d5c9 10 38 1
1x1/764d3b 16 38 0
1x1/05131d 19 38 0
1x5/05131d 25 38 0
1x3/3e3c39 27 38 0
1x1/05131d 29 38 0
1x2/05131d 31 38 0
1x1/0a1327 32 38 0
1x1/0d4763 33 38 0
1x1/467083 34 38 0
1x1/0d4763 35 38 0
1x1/467083 36 38 0
1x1/595d60 38 38 0
1x1/1b2a34 39 38 0
1x2/3e3c39 40 38 0
1x1/352100 41 38 0
1x1/737271 42 38 0
1x1/1b2a34 43 38 0
1x1/0a1327 45 38 0
1x1/1b2a34 48 38 0
1x12/0d4763 59 38 0
1x1/abadac 7 39 0
1x4/f6d7b3 8 39 0
1x2/f6d7b3 10 39 0
1x2/d4d5c9 11 39 1
1x1/cdc298 13 39 0
1x1/bd7d85 14 39 0
1x2/907450 15 39 0
1x1/755945 16 39 0
1x6/1b2a34 18 39 0
1x5/0a1327 19 39 0
1x1/0a1327 23 39 0
1x1/3e3c39 26 39 0
2x2/3e3c39 28 39 0
2x2/05131d 32 39 0
1x1/1b2a34 34 39 0
1x1/595d60 35 39 0
1x1/354e5a 36 39 0
1x1/0a1327 37 39 0
1x1/05131d 38 39 0
1x1/4d4c52 39 39 0
1x1/898788 41 39 0
1x1/4d4c52 42 39 0
1x1/0a1327 43 39 0
2x3/05131d 45 39 0
1x1/354e5a 48 39 0
1x1/0a1327 5 40 0
1x1/4d4c52 6 40 0
1x2/e6e3da 7 40 0
1x2/f6d7b3 11 40 0
1x1/dec69c 12 40 0
1x2/cca373 13 40 0
1x1/958a73 14 40 0
1x2/5e3f33 16 40 0
1x10/0d4763 23 40 0
1x4/05131d 26 40 0
1x2/3e3c39 30 40 0
1x1/1b2a34 31 40 0
1x1/0a1327 34 40 0
1x2/05131d 35 40 1
1x3/1b2a34 37 40 1
1x1/a0a5a9 40 40 0
2x3/1b2a34 41 40 0
1x2/1b2a34 43 40 0
1x4/05131d 44 40 0
1x1/0a1327 47 40 0
1x5/467083 48 40 0
1x2/1b2a34 5 41 0
1x1/e4cd9e 6 41 0
1x1/e6e3da 10 41 0
1x1/cdc298 12 41 0
1x3/ae7a59 14 41 0
1x6/755945 15 41 0
1x4/352100 17 41 0
1x1/0a3463 24 41 0
1x4/05131d 27 41 0
1x1/3e3c39 28 41 0
1x1/4d4c52 29 41 0
1x1/3e3c39 31 41 0
1x1/354e5a 32 41 0
1x2/05131d 33 41 1
1x1/0a1327 35 41 0
1x2/05131d 36 41 1
1x1/898788 38 41 0
1x1/3e3c39 39 41 0
1x3/1b2a34 40 41 0
1x5/467083 47 41 0
1x12/0d4763 61 41 0
1x2/f6d7b3 6 42 1
1x2/f6d7b3 10 42 0
1x2/dec69c 11 42 0
1x1/dcbc81 12 42 0
1x3/bd7d85 13 42 0
1x4/57392c 16 42 0
1x8/0d4763 24 42 0
1x3/05131d 28 42 0
1x1/3e3c39 29 42 0
2x2/1b2a34 30 42 0
1x3/0a1327 32 42 0
1x1/1b2a34 33 42 0
1x2/0a1327 34 42 0
1x2/1b2a34 35 42 1
1x1/05131d 37 42 0
1x1/0a1327 38 42 0
1x1/1b2a34 39 42 0
1x5/05131d 43 42 0
1x1/05131d 45 42 0
1x1/354e5a 46 42 0
1x2/467083 55 42 1
1x1/354e5a 57 42 0
1x12/0d4763 58 42 0
1x1/3e3c39 5 43 0
1x3/e4cd9e 6 43 0
1x2/f6d7b3 7 43 0
1x1/e4cd9e 8 43 0
1x1/f6d7b3 9 43 0
1x2/cca373 12 43 0
1x1/0d4763 20 43 0
1x8/0d4763 25 43 0
1x3/05131d 29 43 0
1x1/05131d 33 43 0
1x1/0a1327 35 43 0
2x3/1b2a34 36 43 1
1x1/3e3c39 39 43 0
2x4/05131d 41 43 0
1x1/1b2a34 45 43 0
1x3/467083 46 43 0
2x3/467083 50 43 0
1x1/467083 52 43 0
1x3/354e5a 53 43 1
2x6/0d4763 56 43 0
1x2/0a1327 0 44 1
1x1/737271 5 44 0
1x3/dec69c 8 44 0
1x1/e4cd9e 9 44 0
1x1/dec69c 10 44 0
1x1/dcbc81 11 44 0
1x1/aa7d55 14 44 0
1x3/352100 19 44 0
1x3/0a3463 20 44 0
1x8/0d4763 26 44 0
2x2/05131d 30 44 0
1x3/1b2a34 33 44 1
2x4/05131d 39 44 0
1x2/1b2a34 44 44 0
1x2/467083 45 44 0
1x1/467083 49 44 0
1x3/354e5a 52 44 0
2x3/0d4763 53 44 1
1x2/05131d 0 45 1
1x1/cdc298 5 45 0
1x3/e4cd9e 7 45 0
1x2/dcbc81 9 45 1
1x6/cca373 11 45 0
1x1/d09168 12 45 0
1x4/ae7a59 13 45 0
1x1/ae7a59 14 45 0
1x6/1b2a34 17 45 0
1x1/1b2a34 18 45 0
1x6/0d4763 27 45 0
1x1/1b2a34 28 45 0
2x6/05131d 32 45 1
1x3/05131d 38 45 0
1x2/354e5a 48 45 1
2x2/0a1327 0 46 0
1x2/e4cd9e 5 46 0
1x5/dec69c 6 46 0
1x1/dec69c 9 46 0
1x3/cca373 10 46 0
1x1/bd7d85 12 46 0
1x3/907450 14 46 0
1x2/3e3c39 16 46 0
1x1/352100 18 46 0
2x4/0d4763 28 46 0
1x1/0a1327 30 46 0
1x1/05131d 31 46 0
1x1/0a1327 44 46 0
1x1/1b2a34 45 46 0
1x2/354e5a 46 46 1
2x2/0d4763 48 46 0
1x2/354e5a 50 46 1
1x2/354e5a 53 46 1
1x3/0d4763 55 46 0
1x1/0a1327 2 47 0
1x2/dcbc81 8 47 1
1x3/cca373 12 47 0
1x1/764d3b 15 47 0
1x8/1b2a34 18 47 0
1x1/05131d 19 47 0
1x4/0a1327 20 47 0
1x2/0d4763 30 47 0
1x1/0d4763 31 47 0
1x1/0a3463 32 47 0
2x4/05131d 33 47 1
1x2/05131d 37 47 0
3x3/352100 41 47 0
1x3/352100 44 47 0
1x1/0a1327 45 47 0
1x1/1b2a34 46 47 0
1x4/0d4763 47 47 0
1x5/0d4763 50 47 1
1x1/0a1327 0 48 0
2x2/05131d 1 48 0
1x2/0a1327 3 48 1
1x1/dec69c 5 48 0
1x8/dec69c 7 48 0
1x2/dec69c 8 48 1
1x1/5e3f33 15 48 0
1x6/352100 16 48 0
1x1/0a1327 19 48 0
1x1/0a1327 21 48 0
1x1/1b2a34 31 48 0
1x1/05131d 32 48 0
3x3/352100 38 48 0
1x2/352100 45 48 0
1x1/352100 46 48 0
1x4/0a3463 48 48 1
3x3/0d4763 52 48 0
1x2/05131d 0 49 0
1x1/05131d 3 49 0
1x1/3e3c39 4 49 0
1x4/dcbc81 5 49 0
1x3/e4cd9e 8 49 0
1x3/dec69c 9 49 0
1x2/dcbc81 10 49 0
1x1/aa7d55 13 49 0
1x6/764d3b 14 49 0
1x2/583927 15 49 0
1x6/1b2a34 19 49 0
1x1/05131d 21 49 0
1x1/0a1327 22 49 0
1x2/1b2a34 30 49 0
1x1/0a1327 31 49 0
1x1/352100 32 49 0
1x1/5e3f33 33 49 0
1x1/57392c 34 49 0
1x3/352100 35 49 1
1x1/3e3c39 46 49 0
2x2/0d4763 48 49 0
1x1/0a3463 50 49 0
1x2/0d4763 51 49 0
1x1/0a3463 55 49 0
1x2/0d4763 56 49 1
1x6/0d4763 60 49 0
1x3/0a1327 1 50 1
1x1/6d6e5c 4 50 0
1x6/ae7a59 12 50 0
1x1/915c3c 13 50 0
1x1/0a1327 21 50 0
1x2/05131d 22 50 1
1x1/0d4763 24 50 0
1x1/0d4763 28 50 0
1x1/0a1327 29 50 0
1x1/1b2a34 31 50 0
1x1/57392c 32 50 0
1x1/cdc298 33 50 0
1x1/cca373 34 50 0
1x1/583927 35 50 0
2x4/352100 36 50 0
1x1/352100 41 50 0
1x1/3e3c39 42 50 0
2x2/354e5a 43 50 0
1x2/0d4763 45 50 1
1x1/0d4763 50 50 0
1x5/0d4763 55 50 0
1x1/0a3463 56 50 0
1x5/0d4763 57 50 0
1x5/0d4763 59 50 0
3x3/1b2a34 0 51 0
1x1/1b2a34 3 51 0
1x1/958a73 4 51 0
1x1/e4cd9e 6 51 0
1x4/cca373 10 51 0
1x1/cca373 11 51 0
1x2/755945 13 51 0
1x2/57392c 15 51 0
1x1/1b2a34 17 51 0
2x4/1b2a34 20 51 0
1x1/0a1327 22 51 0
1x1/05131d 23 51 0
1x1/0a1327 24 51 0
1x1/0d4763 25 51 0
1x1/0d4763 27 51 0
1x2/1b2a34 28 51 0
1x1/1b2a34 29 51 0
1x5/3e3c39 30 51 0
1x1/3e3c39 31 51 0
1x1/907450 32 51 0
1x1/cca373 33 51 0
1x1/ae7a59 34 51 0
1x1/582a12 35 51 0
1x2/352100 38 51 0
1x1/352100 39 51 0
1x1/1b2a34 40 51 0
2x2/354e5a 41 51 0
1x3/354e5a 45 51 1
1x2/467083 48 51 0
1x4/354e5a 49 51 1
2x4/0d4763 53 51 0
1x4/0d4763 56 51 0
2x4/0d4763 62 51 0
1x1/184632 3 52 0
1x2/cca373 4 52 0
1x1/dcbc81 6 52 0
1x1/dec69c 8 52 0
1x1/dcbc81 9 52 0
1x1/d09168 11 52 0
1x1/352100 17 52 0
2x8/1b2a34 22 52 0
1x1/1b2a34 24 52 0
1x1/0a1327 25 52 0
1x1/05131d 26 52 0
1x1/1b2a34 27 52 0
1x4/3e3c39 29 52 0
1x2/57392c 31 52 0
1x1/bd7d85 32 52 0
1x1/ae7a59 33 52 0
1x1/764d3b 34 52 0
1x3/352100 35 52 0
1x1/3e3c39 39 52 0
1x2/354e5a 40 52 0
2x3/467083 43 52 1
1x2/467083 46 52 1
1x1/354e5a 49 52 0
3x3/0d4763 50 52 0
1x1/1b2a34 3 53 0
1x6/dec69c 5 53 0
1x2/dec69c 6 53 0
1x1/e4cd9e 8 53 0
1x1/dec69c 9 53 0
1x1/cca373 11 53 0
1x2/907450 13 53 0
1x1/583927 15 53 0
1x1/1b2a34 17 53 0
1x1/0a1327 24 53 0
1x2/1b2a34 25 53 1
2x3/3e3c39 27 53 0
1x1/907450 32 53 0
1x1/7c503a 33 53 0
1x1/582a12 34 53 0
1x1/3e3c39 38 53 0
1x5/467083 39 53 0
1x1/354e5a 41 53 0
1x1/467083 42 53 0
2x6/354e5a 46 53 0
1x1/354e5a 48 53 0
1x2/0d4763 49 53 0
1x2/0d4763 61 53 0
2x2/1b2a34 0 54 0
1x1/1b2a34 2 54 0
1x1/3e3c39 3 54 0
1x4/dcbc81 4 54 0
1x2/dec69c 8 54 0
1x1/dcbc81 9 54 0
1x1/b48455 11 54 0
1x1/5e3f33 15 54 0
1x1/57392c 16 54 0
1x1/3e3c39 17 54 0
1x6/1b2a34 24 54 0
1x2/3e3c39 25 54 1
1x1/3e3c39 31 54 0
1x1/755945 32 54 0
1x1/583927 33 54 0
1x2/352100 34 54 0
1x1/352100 36 54 0
1x1/4d4c52 37 54 0
1x4/467083 38 54 0
2x3/467083 40 54 0
1x6/354e5a 42 54 0
1x1/467083 43 54 0
2x4/354e5a 44 54 0
1x1/0d4763 48 54 0
1x1/0d4763 58 54 0
1x2/184632 2 55 0
1x1/5c5030 3 55 0
1x1/dcbc81 6 55 0
1x3/cca373 9 55 0
1x1/d09168 10 55 0
1x2/ae7a59 11 55 0
1x2/915c3c 13 55 0
1x1/5e3f33 14 55 0
1x1/57392c 15 55 0
1x1/583927 16 55 0
1x8/352100 17 55 0
1x4/1b2a34 18 55 1
1x5/1b2a34 25 55 0
1x1/3e3c39 26 55 0
1x2/57392c 31 55 1
1x2/352100 33 55 0
1x1/1b2a34 35 55 0
1x1/595d60 36 55 0
1x3/467083 37 55 0
1x5/354e5a 43 55 0
4x8/354e5a 48 55 1
1x6/354e5a 56 55 1
1x2/0d4763 62 55 1
1x2/184632 0 56 0
1x1/184632 1 56 0
1x1/6d6e5c 3 56 0
1x2/dec69c 6 56 0
1x2/dcbc81 7 56 1
1x2/b48455 10 56 0
1x2/907450 12 56 0
1x2/583927 14 56 1
1x6/352100 16 56 0
1x3/352100 18 56 0
2x3/0a1327 19 56 1
2x2/1b2a34 26 56 0
1x2/3e3c39 28 56 0
1x1/6b5a5a 29 56 0
1x1/5e3f33 30 56 0
2x2/352100 31 56 0
1x1/3e3c39 34 56 0
1x1/354e5a 35 56 0
1x2/467083 36 56 0
1x1/467083 56 56 0
4x6/354e5a 57 56 0
1x6/354e5a 61 56 0
1x1/354e5a 62 56 0
1x2/0d4763 63 56 0
1x5/3e3c39 1 57 0
1x2/3e3c39 2 57 0
1x1/958a73 3 57 0
1x2/dec69c 7 57 0
1x2/dcbc81 8 57 0
1x1/aa7d55 11 57 0
1x1/7c503a 13 57 0
1x1/5e3f33 14 57 0
1x3/352100 15 57 0
1x1/57392c 29 57 0
1x2/352100 30 57 0
1x1/3e3c39 33 57 0
1x1/595d60 34 57 0
1x1/467083 35 57 0
1x1/467083 40 57 0
1x3/354e5a 41 57 0
1x5/354e5a 56 57 0
1x1/0d4763 62 57 0
1x1/3e3c39 0 58 0
1x2/cca373 3 58 0
1x1/dec69c 4 58 0
1x1/dcbc81 6 58 0
1x1/d09168 9 58 0
1x1/ae7a59 10 58 0
1x1/907450 11 58 0
1x1/915c3c 12 58 0
1x1/764d3b 13 58 0
1x2/583927 14 58 0
1x3/05131d 19 58 0
2x2/0a1327 20 58 0
1x1/1b2a34 26 58 0
1x3/352100 27 58 1
1x1/352100 31 58 0
1x1/1b2a34 32 58 0
2x3/354e5a 33 58 0
1x6/595d60 35 58 1
1x2/354e5a 44 58 0
1x1/354e5a 45 58 0
2x6/354e5a 62 58 0
1x1/1b2a34 0 59 0
1x1/575857 2 59 0
1x1/e4cd9e 4 59 0
1x5/dcbc81 5 59 0
1x3/dec69c 6 59 0
1x4/dcbc81 7 59 0
1x2/cca373 8 59 0
1x1/b48455 9 59 0
1x3/907450 10 59 0
1x1/7c503a 11 59 0
1x3/764d3b 12 59 0
1x3/5e3f33 13 59 0
1x2/05131d 18 59 0
1x2/352100 26 59 1
1x2/0a1327 28 59 1
1x2/1b2a34 30 59 0
1x1/1b2a34 31 59 0
1x4/354e5a 32 59 0
1x1/354e5a 35 59 0
1x2/4d4c52 36 59 0
2x4/354e5a 37 59 1
2x3/595d60 45 59 1
1x3/595d60 48 59 1
2x4/354e5a 51 59 1
1x3/354e5a 55 59 0
1x1/184632 0 60 0
1x1/645a4c 2 60 0
1x2/dcbc81 3 60 0
1x1/dec69c 4 60 0
1x1/d09168 9 60 0
1x1/915c3c 11 60 0
1x1/5e3f33 14 60 0
1x1/582a12 15 60 0
1x1/05131d 20 60 0
1x3/0a1327 21 60 1
1x1/1b2a34 24 60 0
1x1/3e3c39 25 60 0
1x1/57392c 26 60 0
1x1/3e3c39 27 60 0
2x2/352100 28 60 0
1x1/3e3c39 31 60 0
1x2/4d4c52 35 60 0
1x1/4d4c52 41 60 0
1x1/354e5a 42 60 0
1x2/575857 43 60 0
1x1/595d60 44 60 0
1x3/575857 48 60 1
1x3/3e3c39 0 61 0
1x1/907450 2 61 0
1x1/cca373 4 61 0
1x1/d09168 8 61 0
1x3/b48455 9 61 0
1x1/764d3b 11 61 0
1x2/583927 14 61 1
2x2/352100 18 61 0
1x2/0a1327 20 61 1
2x4/352100 22 61 1
1x2/352100 26 61 1
1x1/3e3c39 30 61 0
1x2/354e5a 31 61 0
1x2/354e5a 33 61 0
1x1/4d4c52 34 61 0
2x2/354e5a 36 61 0
1x1/4d4c52 38 61 0
1x4/575857 39 61 1
1x1/575857 44 61 0
1x3/354e5a 45 61 1
2x3/595d60 48 61 1
1x3/575857 51 61 0
1x3/354e5a 52 61 1
1x1/5c5030 1 62 0
1x1/d09168 2 62 0
1x1/cca373 3 62 0
1x2/dcbc81 4 62 0
1x2/dcbc81 6 62 0
1x2/cca373 8 62 0
1x1/aa7d55 10 62 0
1x1/915c3c 11 62 0
1x1/7c503a 12 62 0
1x2/764d3b 13 62 1
1x1/5e3f33 15 62 0
1x1/582a12 16 62 0
1x2/352100 20 62 1
1x2/05131d 26 62 1
1x1/352100 28 62 0
1x1/3e3c39 29 62 0
1x1/575857 30 62 0
1x1/575857 34 62 0
1x1/354e5a 35 62 0
1x6/595d60 38 62 1
1x2/595d60 44 62 0
1x2/575857 45 62 0
1x2/354e5a 46 62 0
1x1/575857 47 62 0
1x1/354e5a 52 62 0
1x2/575857 53 62 0
1x6/595d60 54 62 1
1x2/595d60 60 62 0
1x1/354e5a 61 62 0
1x1/907450 1 63 0
1x2/dcbc81 2 63 1
1x1/cca373 7 63 0
1x1/ae7a59 10 63 0
1x2/907450 11 63 1
1x2/915c3c 13 63 1
1x1/7c503a 15 63 0
1x4/5e3f33 16 63 1
1x1/57392c 20 63 0
1x1/583927 21 63 0
1x2/352100 22 63 1
1x2/05131d 24 63 1
1x2/352100 26 63 1
1x1/3e3c39 28 63 0
1x10/595d60 29 63 1
1x1/595d60 39 63 0
1x1/616161 40 63 0
1x3/595d60 41 63 1
1x1/354e5a 47 63 0
1x1/575857 48 63 0
1x1/595d60 49 63 0
1x1/575857 50 63 0
1x1/575857 52 63 0
1x3/575857 54 63 1
1x2/354e5a 57 63 1
1x1/595d60 59 63 0
1x1/575857 61 63 0
