2519 141.99 2381624 906
1x1/945148 0 0 0
1x1/abadac 1 0 0
1x1/945148 2 0 0
1x1/595d60 3 0 0
1x1/6b5a5a 4 0 0
1x2/845e84 5 0 0
1x1/3e3c39 6 0 0
1x1/4d4c52 7 0 0
1x2/4d4c52 8 0 0
1x1/3e3c39 9 0 0
1x1/845e84 10 0 0
1x2/ae7a59 11 0 0
1x1/ae7a59 12 0 0
1x1/ae7a59 13 0 0
1x1/6b5a5a 14 0 0
1x2/4b0082 15 0 0
1x1/e1d5ed 16 0 0
1x1/e1d5ed 17 0 0
1x1/e1d5ed 18 0 0
1x2/e1d5ed 19 0 0
1x1/c9cae2 20 0 0
1x1/c9cae2 21 0 0
1x1/c9cae2 22 0 0
1x1/c9cae2 23 0 0
1x1/c9cae2 24 0 0
1x1/c9cae2 25 0 0
2x3/c9cae2 26 0 0
1x1/a3a9ff 28 0 0
1x1/a3a9ff 29 0 0
2x2/a3a9ff 30 0 0
1x1/a3a9ff 32 0 0
1x1/a3a9ff 33 0 0
2x2/a3a9ff 34 0 0
2x2/a3a9ff 36 0 0
2x2/a3a9ff 38 0 0
1x2/a3a9ff 40 0 0
1x1/a3a9ff 41 0 0
1x1/a3a9ff 42 0 0
1x1/a3a9ff 43 0 0
1x1/a3a9ff 44 0 0
1x1/a3a9ff 45 0 0
1x1/a3a9ff 46 0 0
1x1/a3a9ff 47 0 0
1x1/a3a9ff 48 0 0
1x1/a3a9ff 49 0 0
1x1/a3a9ff 50 0 0
1x1/a3a9ff 51 0 0
1x1/a3a9ff 52 0 0
1x1/a3a9ff 53 0 0
1x2/a3a9ff 54 0 0
1x1/a3a9ff 55 0 0
1x1/a3a9ff 56 0 0
1x1/a3a9ff 57 0 0
1x1/a3a9ff 58 0 0
1x2/9fc3e9 59 0 0
1x1/a3a9ff 60 0 0
1x1/a3a9ff 61 0 0
1x1/a3a9ff 62 0 0
1x2/a3a9ff 63 0 0
1x1/e4adc8 0 1 0
1x1/6b5a5a 1 1 0
2x2/845e84 2 1 0
1x1/3e3c39 4 1 0
1x1/4d4c52 6 1 0
1x1/1b2a34 7 1 0
1x1/1b2a34 9 1 0
1x1/3e3c39 10 1 0
1x1/dd9e47 12 1 0
1x1/f7ad63 13 1 0
1x1/bd7d85 14 1 0
1x1/9195ca 16 1 0
1x1/c9cae2 17 1 0
1x2/c9cae2 18 1 0
1x1/a5a5cb 20 1 0
1x1/6b5a5a 21 1 0
1x1/a5a5cb 22 1 0
1x1/afb5c7 23 1 0
1x1/ac78ba 24 1 0
1x1/845e84 25 1 0
2x3/c9cae2 28 1 0
1x3/c9cae2 32 1 0
1x1/9fc3e9 33 1 0
1x1/9fc3e9 41 1 0
1x1/9fc3e9 42 1 0
1x1/9fc3e9 43 1 0
1x1/9fc3e9 44 1 0
1x1/9fc3e9 45 1 0
1x1/9fc3e9 46 1 0
1x1/9fc3e9 47 1 0
1x1/9fc3e9 48 1 0
1x1/9fc3e9 49 1 0
1x1/9fc3e9 50 1 0
1x1/9fc3e9 51 1 0
1x1/9fc3e9 52 1 0
1x1/9fc3e9 53 1 0
1x1/9fc3e9 55 1 0
1x1/9fc3e9 56 1 0
1x1/9fc3e9 57 1 0
1x1/9fc3e9 58 1 0
1x1/9fc3e9 60 1 0
1x1/9fc3e9 61 1 0
1x1/9fc3e9 62 1 0
1x1/6874ca 0 2 0
1x2/845e84 1 2 0
1x1/845e84 4 2 0
1x1/ac78ba 5 2 0
1x1/6b5a5a 6 2 0
1x1/595d60 7 2 0
1x1/6b5a5a 8 2 0
1x1/4d4c52 9 2 0
1x1/945148 10 2 0
1x1/dcbc81 11 2 0
1x1/cca373 12 2 0
1x1/d09168 13 2 0
1x1/6b5a5a 14 2 0
1x1/595d60 15 2 0
1x2/3f3691 16 2 0
1x1/e1d5ed 17 2 0
1x1/845e84 19 2 0
1x1/4d4c52 20 2 0
1x1/3e3c39 21 2 0
1x1/4d4c52 22 2 0
1x1/6b5a5a 23 2 0
1x1/6b5a5a 24 2 0
1x2/6b5a5a 25 2 0
2x2/c9cae2 30 2 0
2x2/c9cae2 33 2 0
1x2/c9cae2 35 2 0
1x1/9fc3e9 36 2 0
1x1/9fc3e9 37 2 0
2x3/c9cae2 38 2 0
2x2/c9cae2 40 2 0
2x2/c9cae2 42 2 0
1x2/c9cae2 44 2 0
1x1/c9cae2 45 2 0
1x1/c9cae2 46 2 0
1x2/c9cae2 47 2 0
1x1/c9cae2 48 2 0
1x2/c9cae2 49 2 0
1x1/c9cae2 50 2 0
1x1/c9cae2 51 2 0
1x1/c9cae2 52 2 0
1x1/b4d4f7 53 2 0
1x1/c9cae2 54 2 0
1x1/b4d4f7 55 2 0
1x1/c9cae2 56 2 0
1x1/abadac 57 2 0
1x1/a5a9b4 58 2 0
1x1/c9cae2 59 2 0
1x1/c9cae2 60 2 0
2x2/c9cae2 61 2 0
1x1/9fc3e9 63 2 0
1x1/ac78ba 0 3 0
1x1/845e84 2 3 0
1x1/96709f 3 3 0
1x1/96709f 4 3 0
1x2/96709f 5 3 0
1x1/3f3691 6 3 0
1x1/3f3691 7 3 0
1x2/4d4c52 8 3 0
1x1/6b5a5a 9 3 0
1x1/4d4c52 10 3 0
1x1/6b5a5a 11 3 0
1x1/bd7d85 12 3 0
1x1/845e84 13 3 0
1x1/845e84 14 3 0
1x1/96709f 15 3 0
1x1/3f3691 17 3 0
1x1/96709f 18 3 0
1x1/6b5a5a 19 3 0
1x1/6b5a5a 20 3 0
2x2/845e84 21 3 0
1x2/845e84 23 3 0
1x1/845e84 24 3 0
1x1/845e84 26 3 0
1x1/c9cae2 27 3 0
1x1/c9cae2 36 3 0
1x2/c9cae2 37 3 0
2x2/e1d5ed 45 3 0
1x2/e1d5ed 48 3 0
2x2/e1d5ed 50 3 0
1x1/e1d5ed 52 3 0
1x1/cfe2f7 53 3 0
1x1/e1d5ed 54 3 0
1x1/e4adc8 55 3 0
1x1/f7ad63 56 3 0
1x1/d09168 57 3 0
1x1/b67b50 58 3 0
1x1/abadac 59 3 0
1x2/e1d5ed 60 3 0
1x1/c9cae2 63 3 0
1x1/3f3691 0 4 0
1x1/3f3691 1 4 0
1x1/3f3691 2 4 0
1x1/845e84 3 4 0
1x1/845e84 4 4 0
1x2/845e84 6 4 0
1x1/0a3463 7 4 0
2x2/845e84 9 4 0
1x2/845e84 11 4 0
1x2/96709f 12 4 0
1x1/4d4c52 13 4 0
1x1/6b5a5a 14 4 0
1x1/6b5a5a 15 4 0
1x1/595d60 16 4 0
1x1/1b2a34 17 4 0
1x1/845e84 18 4 0
1x1/ae7a59 19 4 0
1x1/945148 20 4 0
1x1/4d4c52 24 4 0
1x2/845e84 25 4 0
1x1/595d60 26 4 0
1x1/a5a5cb 27 4 0
2x2/e1d5ed 28 4 0
1x2/e1d5ed 30 4 0
1x1/e1d5ed 31 4 0
1x1/e1d5ed 32 4 0
1x1/cca373 33 4 0
1x1/e1d5ed 34 4 0
1x1/e1d5ed 35 4 0
1x2/e1d5ed 36 4 0
1x1/dec69c 40 4 0
1x1/e1d5ed 41 4 0
2x2/e1d5ed 42 4 0
1x2/e1d5ed 44 4 0
1x1/f2f3f2 47 4 0
1x1/e1d5ed 49 4 0
1x1/fecccf 52 4 0
1x1/f6d7b3 53 4 0
1x1/f3c988 54 4 0
1x2/dd9e47 55 4 0
1x1/d09168 56 4 0
1x1/dd9e47 57 4 0
1x1/dec69c 58 4 0
1x1/764d3b 59 4 0
2x2/e1d5ed 61 4 0
1x3/e1d5ed 63 4 0
1x1/3e3c39 0 5 0
1x2/845e84 1 5 0
1x1/6074a1 2 5 0
1x1/595d60 3 5 0
1x1/6b5a5a 4 5 0
1x1/ae7a59 5 5 0
1x1/3f3691 7 5 0
1x1/3f3691 8 5 0
1x1/845e84 13 5 0
1x1/595d60 14 5 0
1x2/845e84 15 5 0
1x1/3f3691 16 5 0
1x1/3f3691 17 5 0
1x1/8d73b3 18 5 0
1x1/845e84 19 5 0
1x2/6b5a5a 20 5 0
1x1/6b5a5a 21 5 0
1x1/845e84 22 5 0
1x2/4d4c52 23 5 0
1x1/6b5a5a 24 5 0
1x1/4b0082 26 5 0
1x2/3f3691 27 5 0
1x1/bd7d85 31 5 0
1x1/945148 32 5 0
1x1/d09168 33 5 0
1x1/fcb76d 34 5 0
1x1/f2f3f2 35 5 0
1x1/e1d5ed 37 5 0
1x1/e1d5ed 38 5 0
1x1/f3cf9b 39 5 0
1x1/ad6140 40 5 0
1x1/bd7d85 41 5 0
1x1/e1d5ed 45 5 0
1x1/f2f3f2 46 5 0
1x2/f4f4f4 47 5 0
1x1/f4f4f4 48 5 0
1x1/f4f4f4 49 5 0
1x1/cca373 50 5 0
1x1/f7ad63 51 5 0
1x1/d09168 52 5 0
1x1/f3cf9b 53 5 0
1x1/f7ad63 54 5 0
1x1/b67b50 56 5 0
1x1/f47b30 57 5 0
1x1/b67b50 58 5 0
1x1/5e3f33 59 5 0
1x1/845e84 60 5 0
1x1/05131d 0 6 0
1x1/bd7d85 2 6 0
1x1/bd7d85 3 6 0
1x1/ae7a59 4 6 0
1x1/945148 5 6 0
1x1/bd7d85 6 6 0
1x1/845e84 7 6 0
1x1/845e84 8 6 0
1x1/bd7d85 9 6 0
1x1/845e84 10 6 0
1x1/ae7a59 11 6 0
1x2/945148 12 6 0
1x1/6b5a5a 13 6 0
1x2/945148 14 6 0
1x1/6b5a5a 16 6 0
1x1/4d4c52 17 6 0
1x1/595d60 18 6 0
1x2/96709f 19 6 0
1x1/845e84 21 6 0
1x1/bd7d85 22 6 0
1x1/845e84 24 6 0
1x1/bd7d85 25 6 0
1x1/6b5a5a 26 6 0
1x1/6b5a5a 28 6 0
1x1/a5a9b4 29 6 0
1x1/dd9e47 30 6 0
1x1/d67572 31 6 0
1x1/ae7a59 32 6 0
1x1/bd7d85 33 6 0
1x1/d06262 34 6 0
1x1/bd7d85 35 6 0
1x1/f4f4f4 36 6 0
1x1/f4f4f4 37 6 0
1x1/f6d7b3 38 6 0
1x1/b67b50 39 6 0
1x1/d67572 40 6 0
1x1/d06262 41 6 0
1x1/afb5c7 42 6 0
1x1/f4f4f4 43 6 0
1x1/f4f4f4 44 6 0
1x1/f4f4f4 45 6 0
1x1/f4f4f4 46 6 0
1x1/ad6140 48 6 0
1x2/f7ad63 49 6 0
1x2/f3c988 50 6 0
1x1/d09168 51 6 0
1x1/fcb76d 52 6 0
1x1/f3c988 53 6 0
1x1/dd9e47 54 6 0
1x1/945148 55 6 0
1x1/965336 56 6 0
1x1/dd9e47 57 6 0
1x1/bb771b 58 6 0
1x2/dd9e47 59 6 0
1x1/3e3c39 60 6 0
1x1/845e84 61 6 0
1x1/e1d5ed 62 6 0
1x2/0a1327 0 7 0
1x1/0a1327 1 7 0
1x1/6b5a5a 2 7 0
1x1/4d4c52 3 7 0
1x1/6b5a5a 4 7 0
1x1/4d4c52 5 7 0
1x1/6b5a5a 6 7 0
1x1/4d4c52 7 7 0
1x1/4d4c52 8 7 0
1x1/6b5a5a 9 7 0
1x1/6b5a5a 10 7 0
1x1/845e84 11 7 0
1x2/3e3c39 13 7 0
1x1/5e3f33 15 7 0
1x1/4d4c52 16 7 0
1x1/764d3b 17 7 0
1x1/6b5a5a 18 7 0
1x1/4d4c52 20 7 0
1x1/6b5a5a 21 7 0
1x1/945148 22 7 0
1x1/5e3f33 23 7 0
1x2/945148 24 7 0
1x1/945148 25 7 0
1x1/945148 26 7 0
1x1/3e3c39 27 7 0
1x1/4d4c52 28 7 0
1x1/945148 29 7 0
1x1/3f3691 30 7 0
1x1/3f3691 31 7 0
1x1/6b5a5a 32 7 0
1x1/4d4c52 33 7 0
1x1/4d4c52 34 7 0
1x1/6b5a5a 35 7 0
1x1/bd7d85 36 7 0
1x1/d67572 37 7 0
1x1/bd7d85 38 7 0
1x1/dec69c 39 7 0
1x1/f6b7bf 40 7 0
1x1/ae7a59 41 7 0
1x1/845e84 42 7 0
1x1/dcbc81 43 7 0
1x1/f7ad63 44 7 0
1x1/dd9e47 45 7 0
1x1/dd9e47 46 7 0
1x1/d09168 47 7 0
1x1/f7ad63 48 7 0
1x1/b67b50 51 7 0
1x1/b67b50 52 7 0
1x2/f7ad63 53 7 0
1x1/dd982e 54 7 0
1x1/dd9e47 55 7 0
1x1/915c3c 56 7 0
1x1/dd982e 57 7 0
1x1/dd9e47 58 7 0
1x1/945148 60 7 0
1x1/4d4c52 61 7 0
1x1/845e84 62 7 0
1x1/e4adc8 63 7 0
1x2/05131d 1 8 0
1x1/4d4c52 2 8 0
1x1/6b5a5a 3 8 0
1x1/4d4c52 4 8 0
1x1/6b5a5a 5 8 0
1x2/845e84 6 8 0
1x1/845e84 7 8 0
1x1/845e84 8 8 0
1x2/595d60 9 8 0
1x2/4d4c52 10 8 0
1x1/4d4c52 11 8 0
1x1/6b5a5a 12 8 0
1x2/6b5a5a 14 8 0
1x2/4d4c52 15 8 0
1x1/5e3f33 16 8 0
1x2/4d4c52 17 8 0
1x1/3e3c39 18 8 0
1x1/845e84 19 8 0
1x2/bd7d85 20 8 0
1x1/764d3b 21 8 0
1x1/764d3b 22 8 0
1x1/764d3b 23 8 0
1x1/764d3b 25 8 0
1x1/6b5a5a 26 8 0
1x4/6b5a5a 27 8 0
1x1/3e3c39 28 8 0
1x1/57392c 29 8 0
1x1/5e3f33 30 8 0
1x2/6b5a5a 31 8 0
1x1/845e84 32 8 0
1x1/845e84 33 8 0
1x1/6b5a5a 34 8 0
1x2/845e84 35 8 0
1x1/6b5a5a 36 8 0
1x1/6b5a5a 37 8 0
1x1/6b5a5a 38 8 0
1x1/bd7d85 39 8 0
1x1/cdc298 40 8 0
1x1/5e3f33 41 8 0
1x1/6b5a5a 42 8 0
1x1/bd7d85 43 8 0
1x1/d09168 44 8 0
1x1/ad6140 45 8 0
1x1/ad6140 46 8 0
1x2/945148 47 8 0
1x1/bd7d85 48 8 0
1x1/d09168 49 8 0
1x1/dd9e47 50 8 0
1x1/dd9e47 51 8 0
1x1/dd9e47 52 8 0
1x1/f7ad63 54 8 0
1x1/b48455 55 8 0
1x1/945148 56 8 0
1x1/dcbc81 57 8 0
2x2/d09168 58 8 0
1x1/d09168 60 8 0
1x1/6b5a5a 61 8 0
1x2/4d4c52 62 8 0
1x1/6b5a5a 63 8 0
1x1/05131d 0 9 0
1x1/0a1327 2 9 0
1x1/3e3c39 3 9 0
1x1/6b5a5a 4 9 0
1x1/4d4c52 5 9 0
1x2/945148 7 9 0
1x2/6b5a5a 8 9 0
1x1/6b5a5a 11 9 0
1x1/845e84 12 9 0
1x4/4d4c52 13 9 0
1x1/6b5a5a 16 9 0
1x1/6b5a5a 18 9 0
1x3/6b5a5a 19 9 0
1x1/4d4c52 21 9 0
1x1/6b5a5a 22 9 0
1x4/6b5a5a 23 9 0
1x1/845e84 24 9 0
1x2/6b5a5a 25 9 0
1x1/845e84 26 9 0
1x1/4d4c52 28 9 0
1x1/4d4c52 29 9 0
1x1/4d4c52 30 9 0
1x1/6b5a5a 32 9 0
1x1/575857 33 9 0
1x1/845e84 34 9 0
1x1/845e84 36 9 0
1x1/845e84 37 9 0
1x2/845e84 38 9 0
1x1/6b5a5a 39 9 0
1x1/6b5a5a 40 9 0
1x1/4d4c52 41 9 0
1x1/3e3c39 42 9 0
1x1/755945 43 9 0
1x1/764d3b 44 9 0
1x1/ae7a59 45 9 0
1x1/907450 46 9 0
1x1/cca373 48 9 0
1x1/f7ad63 49 9 0
1x1/d09168 50 9 0
1x1/ae7a59 51 9 0
1x1/ae7a59 52 9 0
1x1/ae7a59 53 9 0
1x3/ae7a59 54 9 0
1x1/b67b50 55 9 0
1x1/d09168 56 9 0
1x1/cca373 57 9 0
1x2/f3c988 60 9 0
1x2/945148 61 9 0
1x1/4d4c52 63 9 0
1x1/3e3c39 0 10 0
1x1/0a1327 1 10 0
1x2/05131d 2 10 0
1x1/1b2a34 3 10 0
1x1/845e84 4 10 0
2x2/6b5a5a 5 10 0
1x2/5e3f33 9 10 0
1x1/764d3b 10 10 0
1x1/4d4c52 11 10 0
1x1/3f3691 12 10 0
1x1/1b2a34 14 10 0
1x1/3e3c39 15 10 0
1x1/3e3c39 16 10 0
1x2/3e3c39 17 10 0
1x3/4d4c52 18 10 0
1x1/845e84 20 10 0
1x1/845e84 21 10 0
1x1/845e84 22 10 0
1x3/6b5a5a 24 10 0
1x1/5e5e5e 26 10 0
1x1/354e5a 28 10 0
1x1/0a1327 29 10 0
1x1/5e3f33 30 10 0
1x1/4d4c52 31 10 0
1x1/4d4c52 32 10 0
1x1/3e3c39 33 10 0
1x1/4d4c52 34 10 0
1x1/645a4c 35 10 0
1x2/6b5a5a 36 10 0
1x1/945148 37 10 0
1x1/4d4c52 39 10 0
1x1/595d60 40 10 0
1x1/616161 41 10 0
1x1/595d60 42 10 0
2x2/845e84 43 10 0
1x1/6c6e68 45 10 0
1x1/845e84 46 10 0
1x1/6c6e68 47 10 0
1x1/ae7a59 48 10 0
1x2/ae7a59 49 10 0
1x1/945148 50 10 0
1x2/bd7d85 51 10 0
1x1/907450 52 10 0
1x1/907450 53 10 0
1x1/945148 55 10 0
1x1/907450 56 10 0
1x1/bd7d85 57 10 0
1x1/d09168 58 10 0
1x1/fcb76d 59 10 0
1x1/d09168 62 10 0
1x1/5e5e5e 63 10 0
1x1/0a1327 0 11 0
1x4/05131d 1 11 0
1x1/0a1327 3 11 0
1x1/4d4c52 4 11 0
1x1/755945 7 11 0
1x1/764d3b 8 11 0
1x1/57392c 10 11 0
1x2/57392c 11 11 0
1x2/4d4c52 12 11 0
1x2/4d4c52 14 11 0
1x1/354e5a 15 11 0
1x1/4d4c52 16 11 0
1x1/4d4c52 20 11 0
1x1/9c9c9c 21 11 0
1x1/4d4c52 22 11 0
1x2/4d4c52 25 11 0
1x1/4d4c52 26 11 0
1x1/4d4c52 28 11 0
1x1/1b2a34 29 11 0
1x1/3e3c39 30 11 0
1x1/575857 31 11 0
1x1/645a4c 32 11 0
1x1/4d4c52 33 11 0
1x1/945148 34 11 0
1x1/1b2a34 35 11 0
1x1/5e3f33 37 11 0
1x1/755945 38 11 0
1x1/616161 39 11 0
1x1/845e84 40 11 0
1x1/96709f 41 11 0
1x1/bd7d85 42 11 0
1x2/845e84 45 11 0
1x2/6b5a5a 46 11 0
1x1/845e84 47 11 0
1x2/bd7d85 48 11 0
1x3/ae7a59 50 11 0
1x2/945148 52 11 0
1x1/bd7d85 53 11 0
1x1/ae7a59 55 11 0
1x1/945148 56 11 0
1x1/ae7a59 57 11 0
1x1/ad6140 58 11 0
1x1/d67572 59 11 0
1x1/945148 60 11 0
1x1/764d3b 61 11 0
1x1/ad6140 62 11 0
1x1/945148 63 11 0
1x1/1b2a34 0 12 0
1x1/1b2a34 2 12 0
1x4/05131d 3 12 0
1x1/3e3c39 4 12 0
1x1/755945 5 12 0
1x1/4d4c52 6 12 0
1x1/764d3b 7 12 0
1x1/945148 8 12 0
1x1/57392c 9 12 0
1x1/3e3c39 10 12 0
1x2/1b2a34 15 12 0
1x1/5e5e5e 16 12 0
1x1/1b2a34 17 12 0
1x1/845e84 19 12 0
1x1/5e3f33 20 12 0
1x2/4d4c52 21 12 0
1x1/e4adc8 22 12 0
1x1/645a4c 26 12 0
1x1/945148 27 12 0
1x1/575857 28 12 0
1x1/755945 29 12 0
1x1/645a4c 30 12 0
1x1/945148 31 12 0
1x1/945148 32 12 0
1x2/6b5a5a 33 12 0
1x2/4d4c52 34 12 0
1x1/4d4c52 35 12 0
1x1/3e3c39 36 12 0
1x1/4d4c52 37 12 0
1x1/5e3f33 38 12 0
1x1/945148 39 12 0
1x1/764d3b 40 12 0
1x1/5e3f33 41 12 0
1x1/845e84 42 12 0
1x1/845e84 43 12 0
1x1/96709f 44 12 0
1x2/bd7d85 47 12 0
1x1/907450 49 12 0
1x2/945148 51 12 0
1x1/ad6140 53 12 0
1x1/945148 54 12 0
1x1/907450 55 12 0
1x1/907450 56 12 0
1x1/ad6140 57 12 0
1x2/945148 58 12 0
1x1/b67b50 59 12 0
1x1/764d3b 60 12 0
1x1/5e3f33 61 12 0
1x4/6b5a5a 62 12 0
1x1/755945 63 12 0
1x2/05131d 0 13 0
1x2/05131d 2 13 0
1x3/05131d 4 13 0
1x1/764d3b 5 13 0
1x1/764d3b 6 13 0
1x1/5e3f33 7 13 0
1x2/5e3f33 8 13 0
1x2/3e3c39 9 13 0
1x1/4d4c52 10 13 0
1x5/4d4c52 11 13 0
1x2/1b2a34 12 13 0
1x2/3e3c39 13 13 0
1x1/3e3c39 14 13 0
1x2/4d4c52 16 13 0
1x1/354e5a 17 13 0
1x2/6b5a5a 18 13 0
1x1/3e3c39 19 13 0
1x1/4d4c52 20 13 0
1x2/abadac 22 13 0
1x1/ae7a59 23 13 0
1x1/945148 24 13 0
1x1/3e3c39 25 13 0
1x1/5e3f33 26 13 0
1x1/755945 27 13 0
1x2/6b5a5a 28 13 0
1x1/4d4c52 29 13 0
1x1/4d4c52 30 13 0
1x2/6b5a5a 31 13 0
1x1/4d4c52 32 13 0
1x2/6b5a5a 35 13 0
1x1/1b2a34 36 13 0
1x1/3e3c39 37 13 0
1x1/0a1327 38 13 0
1x2/755945 39 13 0
1x1/5e3f33 40 13 0
1x1/3e3c39 41 13 0
1x1/5e3f33 42 13 0
1x1/4d4c52 43 13 0
1x1/845e84 44 13 0
1x1/bd7d85 45 13 0
1x1/945148 46 13 0
1x1/ae7a59 48 13 0
1x1/945148 49 13 0
1x1/ae7a59 52 13 0
1x1/945148 53 13 0
1x1/755945 54 13 0
1x1/645a4c 55 13 0
1x5/6b5a5a 56 13 0
1x1/755945 57 13 0
1x1/ae7a59 59 13 0
1x1/945148 60 13 0
1x1/575857 61 13 0
1x1/bd7d85 63 13 0
1x1/3e3c39 5 14 0
1x1/5e3f33 6 14 0
1x2/4d4c52 7 14 0
1x2/3e3c39 10 14 0
1x2/4d4c52 14 14 0
1x1/575857 15 14 0
1x2/4d4c52 17 14 0
1x1/945148 19 14 0
1x2/6b5a5a 20 14 0
1x1/5e3f33 21 14 0
1x2/f6b7bf 23 14 0
1x1/bd7d85 24 14 0
1x2/945148 25 14 0
1x1/764d3b 26 14 0
1x1/645a4c 27 14 0
1x1/575857 29 14 0
1x1/5e5e5e 30 14 0
1x1/755945 32 14 0
1x1/645a4c 33 14 0
1x1/5e5e5e 34 14 0
1x2/5e3f33 36 14 0
1x1/764d3b 37 14 0
1x1/5e3f33 38 14 0
1x1/764d3b 40 14 0
1x1/764d3b 41 14 0
1x1/755945 42 14 0
1x1/5e3f33 43 14 0
1x1/845e84 44 14 0
1x1/945148 45 14 0
1x1/845e84 46 14 0
1x1/ae7a59 47 14 0
1x1/755945 48 14 0
1x1/755945 49 14 0
1x1/764d3b 50 14 0
1x2/6b5a5a 51 14 0
1x1/755945 52 14 0
1x3/6b5a5a 53 14 0
1x1/845e84 54 14 0
1x1/645a4c 55 14 0
1x1/755945 57 14 0
1x1/5e3f33 58 14 0
1x1/616161 59 14 0
1x3/6b5a5a 60 14 0
1x3/4d4c52 61 14 0
1x2/6b5a5a 63 14 0
1x1/755945 0 15 0
1x1/3e3c39 1 15 0
1x1/5e3f33 2 15 0
1x2/05131d 5 15 0
1x1/3e3c39 6 15 0
1x1/755945 8 15 0
1x2/0a1327 9 15 0
1x1/3e3c39 12 15 0
1x1/5e3f33 13 15 0
1x1/bd7d85 15 15 0
1x1/923978 16 15 0
1x3/bd7d85 18 15 0
1x1/945148 19 15 0
1x1/755945 21 15 0
1x1/5e5e5e 22 15 0
1x1/fecccf 24 15 0
1x1/945148 26 15 0
1x1/755945 27 15 0
1x1/575857 28 15 0
1x1/575857 29 15 0
1x1/5e3f33 30 15 0
1x1/bd7d85 31 15 0
1x1/ae7a59 32 15 0
1x1/764d3b 33 15 0
1x1/3e3c39 34 15 0
1x1/3e3c39 35 15 0
1x1/755945 37 15 0
1x1/645a4c 38 15 0
1x1/645a4c 39 15 0
1x1/5e3f33 40 15 0
1x1/945148 41 15 0
1x3/945148 42 15 0
1x1/645a4c 43 15 0
1x1/3e3c39 44 15 0
1x1/575857 45 15 0
1x1/5e5e5e 46 15 0
1x2/6b5a5a 47 15 0
1x1/5e3f33 48 15 0
1x2/4d4c52 49 15 0
1x1/5e5e5e 50 15 0
1x1/575857 52 15 0
1x1/645a4c 54 15 0
1x1/645a4c 55 15 0
1x2/907450 57 15 0
1x1/945148 58 15 0
1x1/575857 59 15 0
1x1/bd7d85 0 16 0
1x2/764d3b 1 16 0
1x1/352100 2 16 0
1x1/57392c 3 16 0
1x1/0a1327 4 16 0
1x3/05131d 6 16 0
1x1/1b2a34 7 16 0
1x1/5e3f33 8 16 0
1x1/1b2a34 10 16 0
1x1/3e3c39 12 16 0
1x2/3e3c39 13 16 0
1x1/abadac 14 16 0
1x1/ae7a59 15 16 0
1x1/bd7d85 16 16 0
1x2/bd7d85 17 16 0
1x1/3e3c39 19 16 0
1x1/3e3c39 20 16 0
1x1/3e3c39 21 16 0
1x1/3e3c39 22 16 0
1x1/945148 23 16 0
1x1/945148 24 16 0
1x1/5e3f33 25 16 0
1x1/755945 26 16 0
1x1/5e3f33 27 16 0
1x1/945148 28 16 0
1x1/907450 29 16 0
1x1/945148 30 16 0
1x1/d67572 31 16 0
2x2/bd7d85 32 16 0
1x1/755945 34 16 0
1x1/645a4c 35 16 0
1x2/945148 36 16 0
1x1/945148 37 16 0
1x1/945148 38 16 0
1x1/645a4c 39 16 0
1x1/3e3c39 40 16 0
1x1/ad6140 41 16 0
1x3/5e3f33 43 16 0
1x1/945148 44 16 0
1x1/96709f 45 16 0
1x1/958a73 46 16 0
1x1/616161 48 16 0
1x1/354e5a 50 16 0
1x1/575857 51 16 0
1x1/645a4c 52 16 0
1x2/6b5a5a 54 16 0
1x1/755945 55 16 0
2x2/6b5a5a 58 16 0
1x2/845e84 62 16 0
1x1/737271 63 16 0
1x1/05131d 0 17 0
1x1/5e3f33 2 17 0
1x1/755945 3 17 0
1x1/575857 4 17 0
1x1/1b2a34 5 17 0
1x1/05131d 7 17 0
1x1/3e3c39 8 17 0
2x2/4d4c52 9 17 0
1x1/57392c 12 17 0
1x1/96709f 14 17 0
1x1/8e5597 15 17 0
1x1/96709f 16 17 0
1x1/bd7d85 19 17 0
1x1/5e3f33 20 17 0
1x1/945148 21 17 0
1x1/755945 22 17 0
1x1/dec69c 23 17 0
1x1/bd7d85 24 17 0
1x1/945148 25 17 0
1x1/945148 26 17 0
1x1/7c503a 27 17 0
1x1/5e3f33 28 17 0
1x2/5e3f33 29 17 0
1x1/ae7a59 30 17 0
1x1/bd7d85 31 17 0
1x2/bd7d85 34 17 0
1x1/945148 35 17 0
1x1/645a4c 37 17 0
1x1/5e3f33 38 17 0
1x1/3e3c39 39 17 0
1x1/3e3c39 40 17 0
1x1/1b2a34 41 17 0
1x1/3e3c39 44 17 0
1x1/abadac 45 17 0
1x1/fecccf 46 17 0
1x1/bd7d85 47 17 0
1x1/3e3c39 48 17 0
1x1/3e3c39 49 17 0
1x2/6b5a5a 50 17 0
1x1/bd7d85 51 17 0
1x1/945148 52 17 0
1x1/907450 53 17 0
1x1/764d3b 55 17 0
1x1/945148 57 17 0
1x1/958a73 60 17 0
1x1/5e5e5e 61 17 0
1x1/bd7d85 63 17 0
1x1/3e3c39 0 18 0
1x1/57392c 1 18 0
1x1/764d3b 2 18 0
1x1/ad6140 3 18 0
1x1/57392c 4 18 0
1x1/5e3f33 5 18 0
1x1/352100 7 18 0
1x1/05131d 8 18 0
1x2/3e3c39 11 18 0
1x1/595d60 12 18 0
1x1/354e5a 13 18 0
1x2/0a1327 14 18 0
1x1/9c9c9c 15 18 0
1x2/845e84 16 18 0
1x2/96709f 17 18 0
1x1/958a73 18 18 0
1x2/958a73 19 18 0
1x1/bd7d85 20 18 0
1x1/764d3b 21 18 0
1x1/755945 22 18 0
1x1/e4adc8 23 18 0
1x1/764d3b 24 18 0
1x1/bd7d85 25 18 0
1x1/5e3f33 26 18 0
1x1/764d3b 27 18 0
1x1/645a4c 28 18 0
1x1/7c503a 30 18 0
1x1/ae7a59 31 18 0
1x1/d67572 32 18 0
1x1/bd7d85 33 18 0
1x1/bd7d85 35 18 0
1x1/57392c 36 18 0
1x1/ad6140 37 18 0
1x1/907450 38 18 0
1x1/3e3c39 39 18 0
1x1/3e3c39 40 18 0
1x1/57392c 41 18 0
1x1/575857 42 18 0
1x1/5e3f33 44 18 0
1x1/737271 45 18 0
1x1/bd7d85 46 18 0
1x1/e4adc8 47 18 0
1x1/923978 48 18 0
1x1/575857 49 18 0
1x1/bdc6ad 51 18 0
1x1/e6e3e0 52 18 0
1x1/f6b7bf 53 18 0
1x1/ae7a59 54 18 0
1x1/ae7a59 55 18 0
1x1/ae7a59 56 18 0
1x2/d09168 57 18 0
1x1/907450 58 18 0
1x1/907450 59 18 0
1x1/bd7d85 60 18 0
1x1/737271 61 18 0
1x1/907450 62 18 0
1x1/dcbc81 63 18 0
1x1/645a4c 0 19 0
1x1/352100 1 19 0
1x1/352100 2 19 0
1x1/915c3c 3 19 0
1x1/645a4c 4 19 0
1x1/0a1327 5 19 0
1x1/0a1327 6 19 0
1x1/616161 7 19 0
1x1/0a1327 8 19 0
1x1/582a12 9 19 0
1x1/965336 10 19 0
1x1/3e3c39 12 19 0
1x2/1b2a34 13 19 0
1x8/05131d 15 19 0
1x2/96709f 18 19 0
1x1/958a73 20 19 0
1x3/bd7d85 21 19 0
1x1/cdc298 22 19 0
1x1/cdc298 23 19 0
1x1/abadac 24 19 0
1x1/cdc298 25 19 0
1x2/cdc298 26 19 0
1x1/ae7a59 27 19 0
1x1/907450 28 19 0
1x2/ae7a59 29 19 0
1x1/5e3f33 30 19 0
1x1/915c3c 31 19 0
1x1/ae7a59 32 19 0
1x2/d67572 33 19 0
1x1/b67b50 34 19 0
1x1/ae7a59 35 19 0
1x1/bd7d85 36 19 0
1x1/ae7a59 37 19 0
1x1/ad6140 38 19 0
1x1/bd7d85 39 19 0
1x1/1b2a34 40 19 0
1x1/3e3c39 41 19 0
1x1/ae7a59 42 19 0
1x1/737271 43 19 0
1x1/5e3f33 44 19 0
1x1/3e3c39 45 19 0
1x1/755945 46 19 0
1x1/bd7d85 47 19 0
1x1/bd7d85 48 19 0
1x1/bd7d85 49 19 0
1x1/bd7d85 50 19 0
1x2/ae7a59 51 19 0
1x1/907450 52 19 0
1x1/cca373 53 19 0
1x1/e6e3da 54 19 0
1x1/dec69c 55 19 0
1x1/dec69c 56 19 0
1x1/dec69c 58 19 0
1x1/ad6140 59 19 0
1x1/907450 60 19 0
1x1/ae7a59 61 19 0
1x1/d09168 62 19 0
1x1/ab673a 63 19 0
1x1/0a1327 0 20 0
1x1/57392c 1 20 0
1x1/57392c 2 20 0
1x1/1b2a34 3 20 0
1x1/1b2a34 4 20 0
1x1/1b2a34 5 20 0
1x3/05131d 6 20 0
1x1/1b2a34 7 20 0
1x1/1b2a34 8 20 0
1x1/352100 9 20 0
1x1/872b17 10 20 0
1x1/965336 11 20 0
1x1/5e3f33 12 20 0
1x1/1b2a34 14 20 0
1x1/330000 16 20 0
1x1/737271 17 20 0
1x2/96709f 19 20 0
1x1/958a73 20 20 0
1x1/bd7d85 22 20 0
2x2/bd7d85 23 20 0
1x6/bd7d85 25 20 0
1x4/cdc298 27 20 0
1x1/bd7d85 28 20 0
1x1/764d3b 30 20 0
1x1/7c503a 31 20 0
1x2/945148 32 20 0
1x1/ad6140 34 20 0
1x1/915c3c 35 20 0
1x1/915c3c 36 20 0
1x1/ad6140 37 20 0
1x1/b67b50 38 20 0
1x1/965336 39 20 0
1x1/ae7a59 40 20 0
1x1/ae7a59 41 20 0
1x1/915c3c 42 20 0
1x1/ae7a59 43 20 0
1x1/bd7d85 44 20 0
1x1/755945 45 20 0
1x1/764d3b 46 20 0
1x1/5e3f33 47 20 0
1x1/ae7a59 48 20 0
1x1/ae7a59 49 20 0
1x1/d09168 50 20 0
1x2/d09168 52 20 0
1x1/d09168 53 20 0
1x2/d09168 54 20 0
1x1/d09168 55 20 0
1x1/cca373 56 20 0
1x1/cca373 57 20 0
1x1/b48455 58 20 0
1x1/b48455 59 20 0
1x1/7c503a 60 20 0
3x3/352100 61 20 0
1x1/755945 0 21 0
1x1/0a1327 1 21 0
1x1/352100 2 21 0
1x1/05131d 3 21 0
1x2/05131d 4 21 0
1x2/0a1327 5 21 0
1x2/05131d 7 21 0
1x1/0a1327 8 21 0
3x3/05131d 9 21 0
1x1/352100 12 21 0
1x1/582a12 13 21 0
1x1/352100 14 21 0
1x6/05131d 16 21 0
1x1/1b2a34 17 21 0
1x2/845e84 18 21 0
1x1/96709f 20 21 0
1x1/abadac 22 21 0
1x1/bd7d85 26 21 0
1x3/cdc298 28 21 0
1x4/bd7d85 29 21 0
1x1/907450 30 21 0
1x1/907450 31 21 0
1x2/ae7a59 33 21 0
1x1/d67572 34 21 0
1x1/ae7a59 35 21 0
1x1/907450 36 21 0
1x1/907450 37 21 0
1x1/ae7a59 38 21 0
1x1/ae7a59 39 21 0
1x1/ad6140 40 21 0
1x1/915c3c 41 21 0
1x3/ae7a59 42 21 0
1x1/7c503a 43 21 0
1x1/915c3c 44 21 0
1x1/bd7d85 45 21 0
1x1/cca373 46 21 0
1x1/cca373 47 21 0
1x1/d09168 48 21 0
1x1/d09168 49 21 0
1x1/cca373 50 21 0
1x1/cca373 51 21 0
1x1/cca373 53 21 0
1x1/7c503a 55 21 0
1x1/582a12 56 21 0
2x2/352100 57 21 0
2x2/352100 59 21 0
1x2/ae7a59 0 22 0
1x1/958a73 1 22 0
1x1/57392c 2 22 0
1x1/1b2a34 3 22 0
1x1/1b2a34 8 22 0
3x3/05131d 12 22 0
1x5/05131d 17 22 0
1x2/845e84 19 22 0
1x1/898788 20 22 0
1x1/96709f 21 22 0
1x3/bd7d85 22 22 0
1x1/abadac 23 22 0
1x1/abadac 24 22 0
1x2/abadac 26 22 0
1x2/bd7d85 30 22 0
1x1/958a73 31 22 0
1x1/958a73 32 22 0
1x1/ae7a59 34 22 0
1x1/57392c 35 22 0
1x1/1b2a34 36 22 0
1x1/5e3f33 37 22 0
1x1/583927 38 22 0
1x1/7c503a 39 22 0
1x1/ae7a59 40 22 0
1x1/d09168 41 22 0
1x1/ae7a59 43 22 0
1x1/ae7a59 44 22 0
1x1/ae7a59 45 22 0
1x1/ae7a59 46 22 0
1x1/d09168 47 22 0
1x1/ae7a59 48 22 0
1x1/d09168 49 22 0
1x1/907450 50 22 0
1x1/915c3c 51 22 0
1x1/5c5030 52 22 0
1x1/352100 53 22 0
1x2/352100 54 22 0
1x1/352100 55 22 0
1x2/352100 56 22 0
1x1/907450 1 23 0
1x1/958a73 2 23 0
1x1/616161 3 23 0
1x1/57392c 4 23 0
1x1/1b2a34 5 23 0
1x1/57392c 6 23 0
1x3/0a1327 7 23 0
1x3/05131d 8 23 0
1x1/616161 18 23 0
1x2/958a73 20 23 0
1x1/958a73 21 23 0
2x2/bd7d85 23 23 0
1x1/ae7a59 31 23 0
1x1/352100 32 23 0
1x1/352100 33 23 0
1x1/352100 34 23 0
1x1/352100 35 23 0
1x1/05131d 36 23 0
1x1/05131d 37 23 0
1x1/05131d 38 23 0
1x3/05131d 39 23 0
1x2/352100 40 23 0
1x1/907450 41 23 0
1x1/ae7a59 43 23 0
1x1/d09168 44 23 0
1x1/d09168 45 23 0
1x1/7c503a 46 23 0
1x1/352100 47 23 0
1x1/352100 48 23 0
1x1/352100 49 23 0
1x1/352100 50 23 0
1x8/352100 51 23 0
1x1/05131d 52 23 0
1x6/05131d 53 23 0
1x1/582a12 55 23 0
1x2/05131d 57 23 0
1x1/352100 58 23 0
1x5/05131d 59 23 0
1x2/05131d 60 23 0
1x1/05131d 61 23 0
1x1/352100 62 23 0
1x3/05131d 63 23 0
1x1/907450 0 24 0
1x3/ae7a59 1 24 0
1x1/755945 2 24 0
1x1/907450 3 24 0
1x1/d67572 4 24 0
1x1/57392c 5 24 0
1x1/05131d 6 24 0
2x2/05131d 9 24 0
1x2/05131d 11 24 0
1x3/05131d 18 24 0
1x1/5e5e5e 19 24 0
1x1/958a73 21 24 0
2x2/bd7d85 26 24 0
1x1/9c9c9c 28 24 0
1x1/907450 30 24 0
3x3/05131d 31 24 0
1x3/05131d 34 24 0
1x1/05131d 35 24 0
1x1/352100 36 24 0
1x1/352100 37 24 0
1x1/352100 38 24 0
2x2/352100 41 24 0
1x3/352100 43 24 0
1x1/352100 44 24 0
1x1/352100 45 24 0
1x1/05131d 46 24 0
1x1/05131d 47 24 0
2x6/05131d 48 24 0
1x1/05131d 50 24 0
1x3/352100 52 24 0
1x6/05131d 54 24 0
1x5/352100 55 24 0
1x6/05131d 56 24 0
1x6/05131d 58 24 0
1x3/352100 61 24 0
1x1/05131d 62 24 0
1x1/aa7d55 0 25 0
1x1/907450 2 25 0
1x1/645a4c 3 25 0
1x1/755945 4 25 0
1x1/958a73 5 25 0
1x1/5e3f33 6 25 0
2x2/05131d 12 25 0
1x2/05131d 14 25 0
2x2/05131d 19 25 0
1x1/1b2a34 21 25 0
1x1/645a4c 22 25 0
1x1/737271 23 25 0
1x1/958a73 24 25 0
1x1/907450 28 25 0
1x1/582a12 29 25 0
1x2/05131d 30 25 0
1x1/352100 35 25 0
1x4/05131d 36 25 0
2x2/05131d 37 25 0
1x1/05131d 40 25 0
2x2/05131d 44 25 0
2x2/352100 46 25 0
1x6/352100 50 25 0
1x4/352100 57 25 0
1x6/352100 60 25 0
1x2/352100 62 25 0
1x1/958a73 0 26 0
1x2/ae7a59 2 26 0
1x3/907450 3 26 0
1x1/645a4c 4 26 0
1x1/645a4c 5 26 0
1x1/755945 6 26 0
1x1/958a73 7 26 0
1x1/645a4c 8 26 0
1x1/5e3f33 9 26 0
1x2/3e3c39 10 26 0
1x1/1b2a34 11 26 0
1x1/05131d 21 26 0
1x1/05131d 22 26 0
1x1/05131d 23 26 0
1x1/0a1327 24 26 0
1x1/5e3f33 25 26 0
1x1/57392c 26 26 0
1x2/05131d 27 26 0
1x1/05131d 28 26 0
1x1/05131d 29 26 0
1x1/05131d 35 26 0
2x2/352100 39 26 0
1x1/352100 41 26 0
1x4/05131d 42 26 0
1x5/352100 63 26 0
1x1/907450 0 27 0
1x2/907450 1 27 0
1x1/907450 4 27 0
1x1/755945 5 27 0
1x1/755945 6 27 0
1x1/755945 7 27 0
2x2/6b5a5a 8 27 0
1x1/1b2a34 11 27 0
1x1/57392c 12 27 0
1x1/1b2a34 13 27 0
1x1/352100 14 27 0
1x1/57392c 15 27 0
1x1/354e5a 16 27 0
1x1/1b2a34 17 27 0
1x1/57392c 18 27 0
1x1/1b2a34 19 27 0
1x1/57392c 20 27 0
1x1/0a1327 21 27 0
1x1/1b2a34 22 27 0
1x2/3e3c39 23 27 0
1x1/1b2a34 24 27 0
1x1/57392c 25 27 0
1x1/0a1327 26 27 0
1x2/3e3c39 28 27 0
1x1/5e3f33 29 27 0
1x1/1b2a34 30 27 0
1x1/352100 31 27 0
1x1/1b2a34 32 27 0
1x1/0a1327 33 27 0
1x1/1b2a34 34 27 0
1x1/1b2a34 35 27 0
1x1/0a1327 37 27 0
1x1/582a12 38 27 0
1x3/05131d 41 27 0
1x1/05131d 43 27 0
1x1/05131d 44 27 0
1x2/352100 45 27 0
1x3/05131d 46 27 0
1x3/352100 47 27 0
1x2/05131d 52 27 0
2x2/05131d 61 27 0
1x1/907450 0 28 0
1x1/907450 2 28 0
1x1/755945 4 28 0
1x1/755945 5 28 0
1x1/755945 6 28 0
1x1/7c503a 7 28 0
1x1/907450 10 28 0
1x1/5e5e5e 11 28 0
1x1/354e5a 12 28 0
1x1/0a1327 13 28 0
2x2/05131d 14 28 0
1x2/05131d 16 28 0
1x1/05131d 17 28 0
1x1/05131d 18 28 0
1x1/05131d 19 28 0
1x1/05131d 20 28 0
1x1/05131d 21 28 0
1x1/0a1327 22 28 0
1x1/737271 24 28 0
1x1/898788 25 28 0
1x1/898788 26 28 0
1x1/5e5e5e 27 28 0
1x1/05131d 29 28 0
1x1/05131d 30 28 0
1x1/05131d 31 28 0
1x1/05131d 32 28 0
1x1/05131d 33 28 0
2x2/05131d 34 28 0
1x1/05131d 37 28 0
1x1/05131d 38 28 0
1x1/05131d 39 28 0
1x1/352100 40 28 0
1x1/352100 43 28 0
1x3/352100 44 28 0
1x1/352100 59 28 0
1x1/737271 0 29 0
1x1/616161 1 29 0
1x1/616161 2 29 0
1x1/6c6e68 3 29 0
1x1/354e5a 4 29 0
1x1/616161 5 29 0
1x2/354e5a 6 29 0
1x1/354e5a 7 29 0
1x2/354e5a 8 29 0
1x1/575857 9 29 0
1x1/0a3463 10 29 0
1x1/0a1327 11 29 0
1x2/05131d 12 29 0
1x1/05131d 13 29 0
1x1/0a1327 17 29 0
1x1/0a1327 18 29 0
1x1/1b2a34 19 29 0
1x1/595d60 20 29 0
1x1/737271 21 29 0
1x1/898788 22 29 0
1x1/898788 23 29 0
1x1/898788 24 29 0
1x1/9c9c9c 25 29 0
1x1/9c9c9c 26 29 0
1x1/9c9c9c 27 29 0
1x1/898788 28 29 0
1x1/898788 29 29 0
1x2/6c6e68 30 29 0
1x1/575857 31 29 0
1x2/1b2a34 32 29 0
1x1/0a1327 33 29 0
1x2/352100 36 29 0
1x1/7c503a 37 29 0
1x1/872b17 38 29 0
1x1/582a12 39 29 0
1x1/05131d 40 29 0
1x1/05131d 43 29 0
1x1/05131d 45 29 0
2x2/352100 52 29 0
1x1/05131d 55 29 0
1x1/582a12 57 29 0
1x2/05131d 59 29 0
1x1/05131d 61 29 0
1x2/352100 62 29 0
1x1/616161 0 30 0
1x1/595d60 1 30 0
1x1/595d60 2 30 0
1x2/354e5a 3 30 0
1x1/354e5a 4 30 0
1x2/0d4763 5 30 0
1x1/354e5a 7 30 0
1x2/0a1327 9 30 0
1x1/0a1327 10 30 0
1x1/05131d 11 30 0
1x1/0a1327 13 30 0
1x1/0a1327 14 30 0
1x1/0a1327 15 30 0
1x1/1b2a34 16 30 0
1x1/0a3463 17 30 0
1x1/354e5a 18 30 0
1x1/467083 19 30 0
2x2/467083 20 30 0
1x1/5f7d8c 22 30 0
1x2/9ca3a8 23 30 0
1x1/9c9c9c 24 30 0
2x3/5f7d8c 25 30 0
1x1/5f7d8c 27 30 0
2x2/737271 28 30 0
1x1/5e5e5e 31 30 0
1x1/1b2a34 33 30 0
1x1/05131d 34 30 0
1x1/352100 35 30 0
1x1/915c3c 37 30 0
1x1/b67b50 38 30 0
1x1/b67b50 39 30 0
1x1/bb771b 40 30 0
1x1/bb771b 41 30 0
1x1/582a12 42 30 0
1x1/352100 43 30 0
1x1/352100 45 30 0
1x1/352100 46 30 0
1x1/330000 47 30 0
1x1/352100 48 30 0
1x1/352100 49 30 0
1x1/352100 54 30 0
1x1/352100 55 30 0
1x1/352100 56 30 0
1x1/330000 57 30 0
1x1/05131d 58 30 0
1x1/352100 61 30 0
1x1/467083 0 31 0
1x1/467083 1 31 0
1x1/467083 2 31 0
1x2/0d4763 4 31 0
1x1/0d4763 6 31 0
1x2/0a3463 7 31 0
1x1/1b2a34 8 31 0
1x1/0a3463 10 31 0
1x1/0a3463 11 31 0
1x1/0a3463 12 31 0
1x1/0a3463 13 31 0
1x1/0d4763 14 31 0
1x1/0d4763 15 31 0
1x1/0d4763 16 31 0
1x2/0059a3 17 31 0
1x1/0059a3 18 31 0
1x1/27867e 19 31 0
1x1/6074a1 22 31 0
1x1/7988a1 24 31 0
1x1/737271 27 31 0
1x1/616161 30 31 0
1x1/616161 31 31 0
1x1/635f52 32 31 0
1x1/6d6e5c 33 31 0
1x1/6d6e5c 34 31 0
1x1/645a4c 35 31 0
1x1/5d5c36 36 31 0
1x1/755945 37 31 0
1x1/583927 38 31 0
1x1/05131d 39 31 0
1x1/352100 40 31 0
1x1/582a12 41 31 0
1x1/ab673a 42 31 0
1x1/ab673a 43 31 0
1x1/ab673a 44 31 0
1x1/bb771b 45 31 0
1x1/bb771b 46 31 0
1x1/bb771b 47 31 0
1x1/a95500 48 31 0
1x1/872b17 49 31 0
1x1/872b17 50 31 0
1x1/b46a00 51 31 0
1x1/872b17 52 31 0
1x1/bb771b 53 31 0
1x1/a95500 54 31 0
1x1/582a12 55 31 0
1x1/582a12 56 31 0
1x1/582a12 57 31 0
1x1/a95500 58 31 0
1x1/352100 59 31 0
1x1/352100 60 31 0
1x1/582a12 61 31 0
1x1/582a12 62 31 0
1x1/582a12 63 31 0
1x2/0d4763 0 32 0
1x1/0d4763 1 32 0
1x2/0d4763 2 32 0
1x1/0d4763 3 32 0
1x1/0a3463 5 32 0
1x1/0a3463 6 32 0
1x1/0a3463 8 32 0
1x1/0a3463 9 32 0
1x1/0d4763 10 32 0
1x1/0d4763 11 32 0
1x1/0d4763 12 32 0
1x1/0d4763 13 32 0
3x3/0059a3 14 32 0
2x4/008f9b 18 32 0
1x1/10929d 20 32 0
1x2/10929d 21 32 0
1x2/5b98b3 22 32 0
1x2/6c96bf 23 32 0
1x1/6e8aa6 24 32 0
1x2/5f7d8c 27 32 0
1x1/5f7d8c 28 32 0
1x1/5f7d8c 29 32 0
1x1/6c6e68 30 32 0
1x1/737271 31 32 0
1x1/6c6e68 32 32 0
1x2/737271 33 32 0
1x1/737271 34 32 0
1x1/616161 35 32 0
1x1/616161 36 32 0
1x1/6c6e68 37 32 0
1x1/907450 38 32 0
1x1/583927 39 32 0
2x2/05131d 40 32 0
2x2/05131d 42 32 0
1x2/05131d 44 32 0
1x1/352100 45 32 0
1x1/352100 46 32 0
1x2/05131d 47 32 0
1x1/352100 48 32 0
1x1/352100 49 32 0
1x1/583927 50 32 0
1x1/872b17 51 32 0
1x1/764d3b 52 32 0
1x1/872b17 53 32 0
1x1/ab673a 54 32 0
1x1/965336 55 32 0
1x1/bb771b 56 32 0
1x1/ab673a 57 32 0
1x1/dd982e 58 32 0
1x1/bb771b 59 32 0
1x1/bb771b 60 32 0
1x1/bb771b 61 32 0
1x1/dd982e 62 32 0
1x1/bb771b 63 32 0
1x3/0059a3 1 33 0
4x4/0059a3 3 33 0
6x6/0059a3 7 33 0
1x6/0059a3 13 33 0
1x3/008f9b 17 33 0
1x5/008f9b 20 33 0
1x2/5b98b3 24 33 0
1x2/3e95b6 25 33 0
1x1/6074a1 26 33 0
1x2/3e95b6 28 33 0
1x1/6074a1 29 33 0
1x1/5f7d8c 30 33 0
1x1/5f7d8c 31 33 0
1x2/5f7d8c 32 33 0
1x1/627a62 34 33 0
1x2/467083 35 33 0
1x1/595d60 36 33 0
1x1/616161 37 33 0
1x1/6c6e68 38 33 0
1x1/616161 39 33 0
1x1/05131d 45 33 0
1x1/05131d 46 33 0
2x2/05131d 48 33 0
1x1/05131d 50 33 0
1x2/05131d 51 33 0
1x1/05131d 52 33 0
1x2/05131d 53 33 0
1x1/352100 54 33 0
1x1/1e601e 55 33 0
1x2/05131d 56 33 0
1x1/05131d 57 33 0
2x2/05131d 58 33 0
1x2/05131d 60 33 0
1x1/330000 61 33 0
1x1/582a12 62 33 0
1x1/583927 63 33 0
1x3/0059a3 0 34 0
1x2/0059a3 2 34 0
1x4/008f9b 21 34 0
1x2/3e95b6 22 34 0
1x2/5b98b3 23 34 0
1x1/3e95b6 26 34 0
1x1/3e95b6 27 34 0
1x2/3e95b6 29 34 0
1x1/5b98b3 30 34 0
1x1/6074a1 31 34 0
1x1/5f7d8c 33 34 0
1x1/5f7d8c 34 34 0
1x1/467083 36 34 0
2x2/467083 37 34 0
1x1/467083 39 34 0
2x2/0d4763 40 34 0
1x1/184632 42 34 0
1x1/0a1327 43 34 0
1x1/1b2a34 44 34 0
2x2/1b2a34 45 34 0
1x3/184632 47 34 0
1x1/1b2a34 50 34 0
1x3/0a1327 52 34 0
1x1/05131d 54 34 0
1x2/05131d 55 34 0
1x1/0a1327 57 34 0
2x2/05131d 61 34 0
1x2/05131d 63 34 0
2x2/0059a3 14 35 0
1x3/008f9b 16 35 0
1x2/3e95b6 24 35 0
1x3/10929d 25 35 0
1x1/10929d 26 35 0
1x2/1591cb 27 35 0
1x1/3592c3 28 35 0
1x2/3e95b6 30 35 0
1x1/5b98b3 31 35 0
1x1/5b98b3 32 35 0
1x1/5b98b3 33 35 0
1x2/3e95b6 34 35 0
1x1/3e95b6 35 35 0
1x1/27867e 36 35 0
1x2/27867e 39 35 0
1x2/0d4763 42 35 0
1x1/184632 43 35 0
1x1/0a1327 44 35 0
1x2/0a1327 48 35 0
1x1/0a1327 49 35 0
2x3/184632 50 35 0
1x1/1b2a34 53 35 0
1x1/0a1327 54 35 0
1x2/0a1327 56 35 0
1x1/1b2a34 57 35 0
1x1/0a1327 58 35 0
1x1/05131d 59 35 0
1x1/0a1327 60 35 0
1x1/078bc9 1 36 0
1x1/008f9b 2 36 0
1x1/078bc9 17 36 0
1x1/008f9b 18 36 0
1x1/008f9b 19 36 0
1x1/3592c3 22 36 0
1x1/3e95b6 23 36 0
1x4/039cbd 26 36 0
1x1/1591cb 28 36 0
1x1/3592c3 29 36 0
1x1/3e95b6 31 36 0
1x1/3e95b6 32 36 0
1x2/3e95b6 33 36 0
1x1/3592c3 35 36 0
1x1/3e95b6 36 36 0
1x1/3e95b6 37 36 0
1x1/27867e 38 36 0
1x6/0059a3 40 36 0
1x1/0059a3 41 36 0
1x1/0d4763 43 36 0
1x1/0d4763 44 36 0
1x1/0d4763 45 36 0
1x1/184632 46 36 0
1x1/1b2a34 49 36 0
1x1/0a1327 53 36 0
1x1/1b2a34 54 36 0
1x1/1b2a34 55 36 0
2x3/184632 57 36 0
1x1/184632 59 36 0
1x4/184632 60 36 0
2x2/184632 61 36 0
1x1/184632 63 36 0
1x2/078bc9 0 37 0
1x1/008f9b 1 37 0
1x1/0059a3 2 37 0
1x2/008f9b 3 37 0
1x2/0059a3 4 37 0
1x1/0059a3 5 37 0
1x2/0059a3 6 37 0
1x1/0059a3 14 37 0
1x3/008f9b 15 37 0
1x1/008f9b 17 37 0
1x1/078bc9 18 37 0
1x4/039cbd 19 37 0
1x5/039cbd 22 37 0
1x2/3592c3 23 37 0
1x2/1591cb 24 37 0
1x3/039cbd 27 37 0
1x1/039cbd 28 37 0
1x2/1591cb 29 37 0
1x1/3592c3 30 37 0
1x1/3592c3 31 37 0
1x1/3592c3 32 37 0
1x1/10929d 34 37 0
1x1/10929d 35 37 0
2x2/0059a3 36 37 0
2x2/0059a3 38 37 0
1x1/27867e 41 37 0
2x2/0059a3 42 37 0
1x1/0059a3 44 37 0
1x1/0059a3 45 37 0
1x1/0d4763 46 37 0
1x1/0d4763 47 37 0
1x1/184632 48 37 0
1x1/184632 49 37 0
1x1/184632 52 37 0
1x1/0a1327 53 37 0
2x2/184632 54 37 0
1x1/184632 56 37 0
1x1/184632 59 37 0
1x3/05131d 63 37 0
1x5/078bc9 1 38 0
1x3/008f9b 2 38 0
1x2/008f9b 5 38 0
1x4/008f9b 14 38 0
2x2/078bc9 16 38 0
1x3/039cbd 18 38 0
1x1/039cbd 20 38 0
1x4/039cbd 21 38 0
1x2/039cbd 25 38 0
1x1/009ece 28 38 0
1x1/1591cb 30 38 0
1x1/008f9b 31 38 0
1x1/008f9b 32 38 0
2x4/0059a3 33 38 0
1x1/0d4763 35 38 0
1x1/008f9b 41 38 0
1x1/10929d 44 38 0
1x1/467083 45 38 0
1x1/27867e 46 38 0
1x1/467083 47 38 0
1x1/27867e 48 38 0
1x1/0d4763 49 38 0
1x1/0d4763 50 38 0
1x1/184632 51 38 0
1x1/184632 52 38 0
1x1/0d4763 53 38 0
1x1/184632 56 38 0
1x1/184632 59 38 0
1x1/05131d 61 38 0
1x1/05131d 62 38 0
1x1/0059a3 0 39 0
1x5/078bc9 3 39 0
1x2/008f9b 4 39 0
2x2/008f9b 6 39 0
1x1/0059a3 8 39 0
1x1/0059a3 9 39 0
1x1/008f9b 10 39 0
3x3/008f9b 11 39 0
1x1/078bc9 20 39 0
1x1/1591cb 23 39 0
1x2/039cbd 24 39 0
1x1/008f9b 28 39 0
2x2/0059a3 29 39 0
2x3/0059a3 31 39 0
1x1/0059a3 35 39 0
2x3/0d4763 36 39 0
1x1/0d4763 38 39 0
1x4/0059a3 39 39 0
1x1/0d4763 41 39 0
1x1/0d4763 42 39 0
1x1/0059a3 43 39 0
1x1/3e95b6 44 39 0
1x1/3e95b6 45 39 0
1x1/3e95b6 46 39 0
1x1/27867e 47 39 0
1x2/7988a1 48 39 0
1x1/7988a1 49 39 0
1x2/5f7d8c 50 39 0
1x1/627a62 51 39 0
1x1/627a62 52 39 0
1x1/467083 53 39 0
1x1/0d4763 54 39 0
1x1/184632 55 39 0
1x1/184632 56 39 0
1x1/354e5a 57 39 0
1x1/354e5a 58 39 0
1x1/595d60 59 39 0
1x1/354e5a 61 39 0
1x1/184632 62 39 0
1x1/039cbd 0 40 0
1x1/078bc9 5 40 0
2x4/008f9b 8 40 0
1x1/0059a3 10 40 0
1x2/078bc9 15 40 0
1x1/078bc9 16 40 0
1x1/009ece 17 40 0
1x1/039cbd 20 40 0
1x1/009ece 23 40 0
1x1/008f9b 25 40 0
2x6/0059a3 26 40 0
1x2/0059a3 28 40 0
1x2/0d4763 35 40 0
1x1/0059a3 38 40 0
1x1/0059a3 41 40 0
1x4/0059a3 42 40 0
1x1/27867e 43 40 0
1x2/10929d 44 40 0
1x1/008f9b 45 40 0
1x1/008f9b 46 40 0
1x1/3e95b6 47 40 0
1x2/5f7d8c 49 40 0
1x2/6e8aa6 51 40 0
1x1/898788 52 40 0
1x1/9ba19d 53 40 0
1x1/898788 54 40 0
1x2/5f7d8c 55 40 0
1x1/898788 56 40 0
1x1/898788 57 40 0
1x1/b4a774 58 40 0
1x1/958a73 59 40 0
1x1/958a73 60 40 0
1x1/595d60 61 40 0
1x1/958a73 62 40 0
1x1/aa7d55 63 40 0
1x1/009ece 0 41 0
1x2/078bc9 2 41 0
1x2/078bc9 4 41 0
1x1/008f9b 5 41 0
1x1/008f9b 6 41 0
1x1/078bc9 7 41 0
1x2/008f9b 10 41 0
1x1/039cbd 16 41 0
1x1/078bc9 17 41 0
1x2/009ece 18 41 0
1x1/009ece 19 41 0
1x1/009ece 20 41 0
1x1/008f9b 23 41 0
1x1/008f9b 24 41 0
1x5/0059a3 25 41 0
1x4/0d4763 29 41 0
1x3/0059a3 30 41 0
1x1/0d4763 38 41 0
1x1/10929d 41 41 0
1x1/5b98b3 43 41 0
1x1/3e95b6 45 41 0
1x1/5f7d8c 46 41 0
1x1/467083 47 41 0
1x1/9ba19d 48 41 0
1x1/7988a1 50 41 0
1x1/9ba19d 52 41 0
1x1/5f7d8c 53 41 0
1x1/467083 54 41 0
1x1/5f7d8c 56 41 0
1x1/cdc298 57 41 0
1x1/cdc298 58 41 0
1x1/dcbc81 59 41 0
1x2/dcbc81 60 41 0
1x1/5f7d8c 61 41 0
1x1/9c9c9c 62 41 0
1x1/467083 63 41 0
1x1/078bc9 0 42 0
2x2/078bc9 5 42 0
1x1/008f9b 7 42 0
1x1/008f9b 11 42 0
1x3/008f9b 12 42 0
1x1/008f9b 13 42 0
1x2/039cbd 14 42 0
1x1/039cbd 15 42 0
1x1/009ece 16 42 0
1x1/009ece 17 42 0
1x1/039cbd 19 42 0
1x3/008f9b 20 42 0
1x4/0059a3 21 42 0
1x2/008f9b 22 42 0
1x6/0059a3 23 42 0
1x3/0059a3 24 42 0
1x1/0d4763 28 42 0
1x1/0d4763 31 42 0
1x1/0d4763 32 42 0
1x1/0d4763 33 42 0
1x4/0059a3 34 42 0
1x1/0059a3 35 42 0
1x1/0059a3 36 42 0
1x1/0059a3 37 42 0
1x1/0059a3 38 42 0
1x1/0059a3 40 42 0
1x2/0059a3 41 42 0
1x2/3e95b6 43 42 0
2x2/27867e 44 42 0
1x1/10929d 46 42 0
1x1/7988a1 47 42 0
1x1/27867e 48 42 0
1x1/9c9c9c 49 42 0
1x1/898788 50 42 0
1x1/898788 51 42 0
1x1/898788 52 42 0
1x1/abadac 53 42 0
1x1/5f7d8c 54 42 0
1x1/898788 55 42 0
1x1/b4a774 56 42 0
1x1/9ba19d 57 42 0
1x1/dcbc81 58 42 0
1x1/b4a774 59 42 0
1x1/898788 61 42 0
1x1/467083 62 42 0
1x1/27867e 63 42 0
1x1/009ece 0 43 0
1x1/039cbd 1 43 0
1x3/039cbd 2 43 0
1x5/039cbd 4 43 0
1x3/039cbd 7 43 0
1x2/039cbd 10 43 0
1x1/039cbd 11 43 0
1x1/039cbd 13 43 0
1x1/078bc9 15 43 0
1x1/039cbd 16 43 0
1x1/008f9b 17 43 0
1x1/0059a3 18 43 0
1x2/0059a3 19 43 0
1x1/0059a3 28 43 0
3x3/0059a3 31 43 0
1x1/008f9b 35 43 0
1x1/10929d 36 43 0
1x1/008f9b 37 43 0
1x2/008f9b 38 43 0
1x1/008f9b 39 43 0
1x1/008f9b 40 43 0
1x1/27867e 46 43 0
1x1/5f7d8c 47 43 0
1x1/a0bcac 48 43 0
1x1/cdc298 49 43 0
1x1/dcbc81 50 43 0
1x1/dcbc81 51 43 0
1x1/958a73 52 43 0
1x1/b4a774 53 43 0
1x1/b4a774 54 43 0
1x1/f3c988 55 43 0
1x1/467083 56 43 0
1x2/958a73 57 43 0
1x1/f3cf9b 58 43 0
1x1/dcbc81 59 43 0
1x1/cca373 60 43 0
1x1/737271 61 43 0
1x1/0d4763 62 43 0
1x1/354e5a 63 43 0
1x1/039cbd 0 44 0
1x1/009ece 1 44 0
1x4/039cbd 3 44 0
1x1/078bc9 5 44 0
1x3/039cbd 6 44 0
1x1/039cbd 8 44 0
1x1/039cbd 9 44 0
1x4/008f9b 11 44 0
1x1/008f9b 13 44 0
2x2/0059a3 14 44 0
1x1/0059a3 16 44 0
1x4/0059a3 17 44 0
1x2/0d4763 18 44 0
1x2/0059a3 22 44 0
1x2/0d4763 28 44 0
1x1/0d4763 30 44 0
1x2/0059a3 35 44 0
1x1/008f9b 36 44 0
1x1/27867e 37 44 0
1x1/6e8aa6 39 44 0
1x1/bdc6ad 40 44 0
1x1/9ba19d 41 44 0
1x2/10929d 42 44 0
1x1/a0bcac 43 44 0
1x1/dec69c 44 44 0
1x1/9ba19d 45 44 0
1x1/dcbc81 46 44 0
1x1/958a73 47 44 0
1x1/adc3c0 48 44 0
1x1/e4cd9e 49 44 0
1x1/cdc298 50 44 0
1x1/b4a774 51 44 0
1x1/cdc298 52 44 0
1x1/dcbc81 53 44 0
1x2/dcbc81 54 44 0
1x1/cca373 55 44 0
1x3/958a73 56 44 0
1x1/cca373 58 44 0
1x1/f3c988 59 44 0
1x1/595d60 60 44 0
1x1/27867e 61 44 0
1x1/467083 62 44 0
1x1/c9cae2 63 44 0
1x1/078bc9 0 45 0
1x1/039cbd 1 45 0
1x2/039cbd 5 45 0
1x2/008f9b 8 45 0
1x1/008f9b 9 45 0
1x1/008f9b 10 45 0
2x2/0059a3 12 45 0
1x1/0d4763 16 45 0
1x4/008f9b 19 45 0
1x3/0059a3 20 45 0
1x3/008f9b 24 45 0
1x2/0059a3 29 45 0
1x1/0059a3 30 45 0
1x1/10929d 36 45 0
1x1/b3d7d1 37 45 0
1x1/5b98b3 38 45 0
1x1/9ba19d 39 45 0
1x1/abadac 40 45 0
1x1/b4a774 41 45 0
1x1/c2dab8 43 45 0
1x1/cdc298 44 45 0
1x1/d9d9d9 45 45 0
1x1/d4d5c9 46 45 0
1x1/adc3c0 47 45 0
1x1/dcbc81 48 45 0
1x1/dcbc81 49 45 0
1x1/e4cd9e 50 45 0
1x2/e4cd9e 51 45 0
1x1/f3c988 52 45 0
1x2/dec69c 53 45 0
1x1/9b9a5a 55 45 0
1x2/b4a774 57 45 0
1x1/d09168 58 45 0
1x1/cca373 59 45 0
1x1/467083 60 45 0
1x1/0d4763 61 45 0
1x1/b4d2e3 62 45 0
1x2/c1dff0 63 45 0
1x1/039cbd 0 46 0
1x2/009ece 1 46 0
1x1/009ece 2 46 0
1x1/008f9b 7 46 0
2x4/0059a3 9 46 0
1x1/008f9b 14 46 0
2x3/0059a3 15 46 0
1x1/0059a3 18 46 0
1x1/008f9b 21 46 0
1x4/008f9b 22 46 0
1x6/008f9b 25 46 0
1x1/008f9b 26 46 0
1x2/0059a3 27 46 0
1x1/0059a3 28 46 0
1x1/bdc6ad 30 46 0
1x1/467083 31 46 0
1x2/467083 32 46 0
1x1/3e95b6 33 46 0
1x1/467083 34 46 0
1x1/27867e 35 46 0
1x1/aeefec 36 46 0
1x1/aeefec 37 46 0
1x1/aeefec 38 46 0
1x1/cdc298 39 46 0
1x1/6e8aa6 40 46 0
1x1/cca373 41 46 0
1x1/5ac4da 42 46 0
1x1/aeefec 43 46 0
1x1/aeefec 44 46 0
1x1/aeefec 45 46 0
2x2/aeefec 46 46 0
1x2/aeefec 48 46 0
1x1/d9d9d9 49 46 0
1x1/cdc298 50 46 0
1x1/cdc298 52 46 0
1x1/f3c988 54 46 0
1x1/fcb76d 55 46 0
1x1/cca373 58 46 0
1x1/627a62 59 46 0
1x1/354e5a 60 46 0
1x1/c1dff0 61 46 0
1x1/c1dff0 62 46 0
1x2/009ece 0 47 0
1x2/039cbd 2 47 0
1x2/008f9b 5 47 0
1x6/0059a3 6 47 0
1x3/0d4763 7 47 0
1x4/0059a3 8 47 0
1x3/008f9b 12 47 0
2x2/0059a3 13 47 0
1x3/008f9b 18 47 0
1x1/0059a3 21 47 0
1x2/0059a3 26 47 0
2x4/5ac4da 28 47 0
2x2/5ac4da 30 47 0
1x1/467083 33 47 0
1x1/a0bcac 34 47 0
1x1/9fc3e9 35 47 0
1x1/7dbfdd 36 47 0
1x4/5ac4da 37 47 0
1x1/5ac4da 38 47 0
1x1/7dbfdd 39 47 0
1x1/cdc298 40 47 0
1x1/c2dab8 41 47 0
1x1/7dbfdd 42 47 0
1x2/7dbfdd 43 47 0
1x1/9fc3e9 44 47 0
1x2/9fc3e9 45 47 0
1x1/aeefec 49 47 0
1x1/aeefec 50 47 0
1x1/aeefec 51 47 0
1x1/f6d7b3 52 47 0
1x1/e4cd9e 53 47 0
1x1/f6d7b3 54 47 0
1x1/f3c988 55 47 0
1x1/cca373 56 47 0
1x1/dcbc81 57 47 0
1x1/e4cd9e 58 47 0
1x1/737271 59 47 0
1x1/cdc298 60 47 0
1x1/b4d2e3 61 47 0
1x1/b4d2e3 62 47 0
1x1/b4d2e3 63 47 0
1x1/039cbd 1 48 0
1x5/0059a3 3 48 0
1x1/0059a3 4 48 0
1x2/0059a3 11 48 0
1x1/0d4763 17 48 0
1x1/008f9b 20 48 0
1x2/008f9b 21 48 0
1x2/008f9b 23 48 0
1x1/0059a3 24 48 0
1x1/009ece 27 48 0
1x3/5ac4da 32 48 0
1x1/9fc3e9 33 48 0
1x1/7dbfdd 34 48 0
1x1/7dbfdd 35 48 0
1x3/5ac4da 36 48 0
1x1/61afff 38 48 0
3x3/5ac4da 39 48 0
1x3/5ac4da 42 48 0
1x2/7dbfdd 44 48 0
1x1/9fc3e9 46 48 0
1x2/7dbfdd 47 48 0
1x1/9fc3e9 48 48 0
1x2/7dbfdd 49 48 0
1x1/9fc3e9 50 48 0
1x1/9fc3e9 51 48 0
1x1/9fc3e9 52 48 0
1x1/9fc3e9 53 48 0
1x1/9fc3e9 54 48 0
1x1/b4d2e3 55 48 0
1x1/cdc298 56 48 0
1x1/f6d7b3 57 48 0
1x1/898788 58 48 0
1x1/958a73 59 48 0
1x1/9fc3e9 60 48 0
1x1/9fc3e9 61 48 0
1x1/9fc3e9 62 48 0
1x1/9fc3e9 63 48 0
1x1/008f9b 0 49 0
2x3/0059a3 1 49 0
1x1/008f9b 4 49 0
1x1/039cbd 5 49 0
1x1/008f9b 13 49 0
1x2/0059a3 14 49 0
1x1/008f9b 15 49 0
1x1/0059a3 16 49 0
1x1/0059a3 17 49 0
1x1/0059a3 19 49 0
1x2/0059a3 20 49 0
1x2/008f9b 24 49 0
1x1/008f9b 26 49 0
1x3/5ac4da 27 49 0
1x1/61afff 30 49 0
1x2/5ac4da 31 49 0
2x2/5ac4da 33 49 0
1x2/5ac4da 35 49 0
1x2/5ac4da 38 49 0
1x2/5ac4da 43 49 0
1x1/7dbfdd 45 49 0
1x1/7dbfdd 46 49 0
1x1/7dbfdd 48 49 0
1x1/7dbfdd 50 49 0
1x1/7dbfdd 51 49 0
1x1/7dbfdd 52 49 0
1x1/7dbfdd 53 49 0
1x1/7dbfdd 54 49 0
1x1/7dbfdd 55 49 0
1x1/7dbfdd 56 49 0
1x1/adc3c0 57 49 0
1x1/7988a1 58 49 0
2x2/7dbfdd 59 49 0
2x2/7dbfdd 61 49 0
1x2/7dbfdd 63 49 0
1x1/039cbd 0 50 0
1x1/0059a3 4 50 0
1x1/008f9b 5 50 0
1x1/0059a3 7 50 0
1x1/0059a3 9 50 0
1x2/0059a3 10 50 0
1x1/5f7d8c 11 50 0
1x2/27867e 12 50 0
1x1/10929d 13 50 0
1x1/0059a3 15 50 0
1x1/0d4763 16 50 0
1x1/009ece 17 50 0
1x1/009ece 18 50 0
1x1/039cbd 19 50 0
1x1/0d4763 21 50 0
1x1/0059a3 22 50 0
1x1/0059a3 23 50 0
1x1/009ece 26 50 0
1x1/5ac4da 30 50 0
1x1/5ac4da 44 50 0
2x2/5ac4da 45 50 0
2x2/5ac4da 47 50 0
2x2/5ac4da 49 50 0
2x2/5ac4da 51 50 0
2x2/5ac4da 53 50 0
2x2/5ac4da 55 50 0
1x1/7dbfdd 57 50 0
1x1/7dbfdd 58 50 0
1x1/a7dccf 0 51 0
1x1/0d4763 4 51 0
1x2/0059a3 5 51 0
1x1/0d4763 7 51 0
2x2/0d4763 8 51 0
1x1/008f9b 11 51 0
1x1/6e8aa6 13 51 0
1x1/008f9b 14 51 0
1x1/0d4763 15 51 0
1x2/009ece 16 51 0
1x1/5ac4da 17 51 0
1x1/5ac4da 18 51 0
1x1/5ac4da 19 51 0
1x8/009ece 20 51 0
1x1/008f9b 21 51 0
2x6/009ece 22 51 0
1x1/039cbd 24 51 0
1x1/5ac4da 26 51 0
1x1/5ac4da 28 51 0
1x1/36aebf 29 51 0
1x1/36aebf 30 51 0
1x1/36aebf 31 51 0
6x6/009ece 32 51 0
2x6/009ece 38 51 0
1x1/36aebf 40 51 0
1x1/36aebf 41 51 0
1x1/36aebf 42 51 0
1x1/36aebf 43 51 0
1x1/36aebf 44 51 0
1x1/5ac4da 57 51 0
1x1/5ac4da 58 51 0
2x2/5ac4da 59 51 0
1x1/5ac4da 61 51 0
1x1/5ac4da 62 51 0
1x3/68aece 63 51 0
1x1/68bcc5 0 52 0
1x4/5ac4da 1 52 0
1x1/1591cb 2 52 0
1x1/0059a3 4 52 0
1x1/0059a3 7 52 0
1x1/008f9b 10 52 0
1x2/27867e 11 52 0
1x1/0059a3 12 52 0
1x1/008f9b 13 52 0
1x1/0059a3 14 52 0
1x1/008f9b 15 52 0
1x1/009ece 17 52 0
2x6/009ece 18 52 0
1x6/009ece 21 52 0
4x6/009ece 24 52 0
4x4/009ece 28 52 0
4x4/009ece 40 52 0
4x4/009ece 44 52 0
3x3/009ece 48 52 0
1x1/36aebf 51 52 0
1x1/36aebf 52 52 0
1x1/36aebf 53 52 0
1x1/36aebf 54 52 0
1x1/36aebf 55 52 0
1x1/36aebf 56 52 0
1x1/36aebf 57 52 0
1x2/36aebf 58 52 0
1x1/5a93db 61 52 0
1x1/5a93db 62 52 0
1x3/5ac4da 0 53 0
2x2/5ac4da 2 53 0
1x2/5ac4da 4 53 0
1x1/36aebf 5 53 0
1x1/039cbd 6 53 0
1x1/10929d 7 53 0
1x1/0059a3 8 53 0
1x1/0d4763 9 53 0
1x1/27867e 10 53 0
1x1/5f7d8c 12 53 0
1x1/27867e 13 53 0
1x1/008f9b 14 53 0
1x1/5ac4da 15 53 0
1x1/36aebf 16 53 0
1x1/36aebf 17 53 0
4x4/009ece 51 53 0
3x3/009ece 55 53 0
1x3/009ece 59 53 0
1x3/36aebf 60 53 0
1x1/36aebf 61 53 0
1x2/68aece 62 53 0
1x1/5ac4da 5 54 0
1x1/5ac4da 6 54 0
1x2/5ac4da 7 54 0
1x1/7dbfdd 8 54 0
1x1/7dbfdd 9 54 0
1x1/68bcc5 10 54 0
1x1/10929d 11 54 0
1x1/0059a3 12 54 0
1x1/0059a3 13 54 0
1x5/009ece 14 54 0
1x1/36aebf 15 54 0
2x4/009ece 16 54 0
1x3/009ece 58 54 0
1x1/5ac4da 61 54 0
1x1/36aebf 63 54 0
1x1/5ac4da 2 55 0
2x2/36aebf 3 55 0
1x1/36aebf 5 55 0
1x1/36aebf 6 55 0
1x1/36aebf 8 55 0
1x1/3e95b6 9 55 0
1x1/10929d 10 55 0
1x1/b3d7d1 11 55 0
1x1/5ac4da 12 55 0
1x1/008f9b 13 55 0
1x4/009ece 15 55 0
2x2/009ece 48 55 0
1x2/009ece 50 55 0
1x1/36aebf 61 55 0
1x1/3592c3 62 55 0
1x2/1591cb 63 55 0
2x2/36aebf 0 56 0
1x2/36aebf 2 56 0
2x3/009ece 5 56 0
1x1/36aebf 7 56 0
1x1/5ac4da 8 56 0
1x1/5ac4da 9 56 0
1x1/5ac4da 10 56 0
1x1/5ac4da 11 56 0
2x3/009ece 12 56 0
1x1/009ece 28 56 0
1x1/009ece 29 56 0
1x1/009ece 30 56 0
1x1/009ece 31 56 0
1x1/009ece 40 56 0
1x1/009ece 41 56 0
1x1/009ece 42 56 0
1x2/009ece 43 56 0
1x1/009ece 44 56 0
1x1/009ece 45 56 0
1x1/009ece 46 56 0
1x1/009ece 47 56 0
1x1/009ece 55 56 0
1x1/009ece 56 56 0
1x1/009ece 57 56 0
1x1/1591cb 59 56 0
1x1/1591cb 60 56 0
1x1/1591cb 61 56 0
1x4/039cbd 62 56 0
1x1/1591cb 3 57 0
1x2/009ece 4 57 0
1x2/009ece 7 57 0
1x1/36aebf 8 57 0
1x1/36aebf 9 57 0
1x1/36aebf 10 57 0
1x1/36aebf 11 57 0
1x1/009ece 22 57 0
1x1/009ece 23 57 0
1x2/039cbd 28 57 0
1x1/078bc9 29 57 0
1x1/078bc9 30 57 0
2x2/039cbd 31 57 0
1x1/009ece 33 57 0
1x1/009ece 34 57 0
2x2/039cbd 35 57 0
1x1/039cbd 37 57 0
2x2/039cbd 38 57 0
3x3/039cbd 40 57 0
1x3/039cbd 44 57 0
1x1/039cbd 45 57 0
2x2/039cbd 46 57 0
2x2/039cbd 48 57 0
2x2/039cbd 50 57 0
2x2/039cbd 52 57 0
2x2/039cbd 54 57 0
2x2/039cbd 56 57 0
2x2/039cbd 58 57 0
1x1/009ece 60 57 0
1x3/039cbd 61 57 0
1x2/039cbd 63 57 0
1x1/36aebf 0 58 0
1x1/1591cb 1 58 0
1x1/009ece 2 58 0
1x1/009ece 3 58 0
1x1/009ece 8 58 0
1x1/009ece 9 58 0
1x1/009ece 10 58 0
1x1/009ece 11 58 0
1x1/009ece 16 58 0
1x1/009ece 17 58 0
1x1/009ece 18 58 0
1x1/009ece 19 58 0
3x3/039cbd 21 58 0
2x2/039cbd 24 58 0
2x2/039cbd 26 58 0
1x1/039cbd 29 58 0
1x2/039cbd 30 58 0
1x1/039cbd 33 58 0
1x1/039cbd 34 58 0
1x2/078bc9 37 58 0
1x2/039cbd 43 58 0
1x1/078bc9 45 58 0
1x1/039cbd 60 58 0
3x3/039cbd 0 59 0
2x3/039cbd 3 59 0
2x2/039cbd 5 59 0
2x2/039cbd 7 59 0
2x2/039cbd 9 59 0
2x2/039cbd 11 59 0
1x2/039cbd 13 59 0
1x1/039cbd 14 59 0
2x2/039cbd 15 59 0
2x2/039cbd 17 59 0
2x2/039cbd 19 59 0
1x1/078bc9 28 59 0
1x2/078bc9 29 59 0
1x1/039cbd 31 59 0
1x1/078bc9 32 59 0
1x1/078bc9 33 59 0
1x1/078bc9 34 59 0
1x1/078bc9 35 59 0
1x1/078bc9 36 59 0
1x1/078bc9 38 59 0
1x1/039cbd 39 59 0
1x2/039cbd 45 59 0
1x1/078bc9 46 59 0
1x2/078bc9 47 59 0
1x1/078bc9 48 59 0
1x1/078bc9 49 59 0
1x1/078bc9 50 59 0
1x1/078bc9 51 59 0
1x1/078bc9 52 59 0
1x1/078bc9 53 59 0
1x1/078bc9 54 59 0
1x1/078bc9 55 59 0
1x1/078bc9 56 59 0
2x2/078bc9 57 59 0
1x1/039cbd 59 59 0
1x2/078bc9 60 59 0
1x2/078bc9 63 59 0
1x1/10929d 14 60 0
1x1/078bc9 24 60 0
1x1/078bc9 25 60 0
1x1/078bc9 26 60 0
1x1/039cbd 27 60 0
1x1/039cbd 28 60 0
1x1/078bc9 30 60 0
4x4/008f9b 31 60 0
4x4/008f9b 35 60 0
1x4/008f9b 39 60 0
1x1/039cbd 40 60 0
1x1/039cbd 41 60 0
1x1/078bc9 42 60 0
1x3/008f9b 43 60 0
1x1/078bc9 44 60 0
1x1/039cbd 46 60 0
2x3/008f9b 48 60 0
1x1/008f9b 50 60 0
1x1/008f9b 51 60 0
1x1/078bc9 52 60 0
1x1/078bc9 53 60 0
1x1/078bc9 54 60 0
1x1/078bc9 55 60 0
1x1/078bc9 56 60 0
1x4/0059a3 59 60 0
1x1/078bc9 61 60 0
1x1/078bc9 62 60 0
3x3/008f9b 5 61 0
3x3/008f9b 8 61 0
1x2/008f9b 11 61 0
1x1/10929d 12 61 0
1x1/755945 13 61 0
1x2/7c503a 14 61 0
1x1/755945 15 61 0
1x1/0d4763 16 61 0
1x1/10929d 17 61 0
1x1/10929d 18 61 0
2x2/008f9b 19 61 0
3x3/008f9b 21 61 0
3x3/008f9b 24 61 0
3x3/008f9b 27 61 0
1x3/008f9b 30 61 0
2x2/008f9b 40 61 0
1x2/008f9b 42 61 0
2x2/008f9b 44 61 0
2x2/008f9b 46 61 0
3x3/0059a3 50 61 0
3x3/0059a3 53 61 0
3x3/0059a3 56 61 0
3x3/0059a3 60 61 0
1x3/0059a3 63 61 0
1x1/039cbd 0 62 0
2x2/008f9b 1 62 0
2x2/008f9b 3 62 0
1x1/582a12 12 62 0
1x1/ab673a 13 62 0
1x2/965336 15 62 0
1x1/7c503a 16 62 0
1x1/57392c 17 62 0
1x1/354e5a 18 62 0
1x1/10929d 0 63 0
1x1/764d3b 11 63 0
1x1/7c503a 12 63 0
1x1/965336 13 63 0
1x1/b67b50 14 63 0
1x1/965336 16 63 0
1x1/915c3c 17 63 0
1x1/5e3f33 18 63 0
1x1/582a12 19 63 0
1x1/354e5a 20 63 0
1x1/0059a3 40 63 0
1x1/0059a3 41 63 0
1x1/0059a3 42 63 0
1x1/0059a3 43 63 0
1x1/0059a3 44 63 0
1x1/0057a6 45 63 0
1x1/0057a6 46 63 0
1x1/0057a6 47 63 0
1x1/0057a6 48 63 0
1x1/0057a6 49 63 0
