697 82.17 9737086 0
4x4/0055bf 0 0 0
6x6/0055bf 4 0 0
8x11/0055bf 10 0 0
1x12/0055bf 18 0 0
3x3/0055bf 19 0 0
3x3/0055bf 22 0 0
6x6/0055bf 25 0 0
8x8/0055bf 31 0 0
8x8/0055bf 39 0 0
4x4/0055bf 47 0 0
4x6/0055bf 51 0 0
2x12/55a5af 55 0 0
1x2/55a5af 57 0 0
1x2/9ba19d 58 0 0
1x2/9ba19d 59 0 0
1x2/b4d2e3 60 0 0
1x1/b4d2e3 61 0 0
1x1/b4d2e3 62 0 0
1x2/9ba19d 63 0 0
1x2/9ba19d 61 1 0
1x2/9ba19d 62 1 0
4x12/008f9b 57 2 0
1x12/55a5af 63 2 0
1x12/55a5af 19 3 0
4x12/55a5af 20 3 0
1x3/008f9b 24 3 0
2x12/008f9b 61 3 0
1x1/0a3463 0 4 0
1x2/0055bf 1 4 0
1x2/0055bf 2 4 0
1x2/0055bf 3 4 0
1x3/008f9b 47 4 0
1x2/008f9b 48 4 0
1x2/008f9b 49 4 0
1x2/008f9b 50 4 0
1x6/1b2a34 0 5 0
2x12/05131d 1 6 0
1x2/0a3463 3 6 0
1x2/0055bf 4 6 0
1x2/0055bf 5 6 0
3x3/008f9b 6 6 0
1x6/008f9b 9 6 0
2x12/55a5af 24 6 0
4x10/55a5af 26 6 0
1x10/008f9b 30 6 0
1x2/55a5af 48 6 0
1x2/55a5af 49 6 0
1x1/55a5af 50 6 0
1x1/55a5af 51 6 0
1x2/55a5af 52 6 0
1x2/55a5af 53 6 0
1x8/55a5af 54 6 0
1x6/55a5af 47 7 0
2x4/b4d2e3 50 7 0
2x14/05131d 3 8 0
1x2/0a3463 5 8 0
4x8/55a5af 31 8 0
3x3/008f9b 35 8 0
2x3/008f9b 38 8 0
1x2/008f9b 40 8 0
1x2/55a5af 41 8 0
1x2/55a5af 42 8 0
4x4/55a5af 43 8 0
2x3/b4d2e3 48 8 0
1x2/b4d2e3 52 8 0
1x2/9ba19d 53 8 0
1x2/0055bf 6 9 0
1x2/0055bf 7 9 0
1x2/008f9b 8 9 0
1x12/05131d 5 10 0
1x2/55a5af 40 10 0
1x2/b4d2e3 41 10 0
1x12/b4d2e3 42 10 0
1x10/55a5af 52 10 0
1x4/55a5af 53 10 0
1x12/05131d 0 11 0
2x12/05131d 6 11 0
1x1/008f9b 8 11 0
1x1/008f9b 10 11 0
1x2/008f9b 11 11 0
1x2/008f9b 12 11 0
1x2/55a5af 13 11 0
1x2/55a5af 14 11 0
3x3/55a5af 15 11 0
1x6/55a5af 35 11 0
1x3/55a5af 36 11 0
1x2/55a5af 37 11 0
1x1/55a5af 38 11 0
1x1/b4d2e3 39 11 0
4x4/55a5af 48 11 0
2x6/1b2a34 8 12 0
1x1/008f9b 10 12 0
1x4/55a5af 18 12 0
1x8/b4d2e3 38 12 0
2x6/b4d2e3 39 12 0
1x4/b4d2e3 41 12 0
2x12/55a5af 43 12 0
1x2/55a5af 45 12 0
1x1/55a5af 46 12 0
1x2/55a5af 55 12 0
1x2/55a5af 56 12 0
2x10/1b2a34 10 13 0
2x4/0a3463 12 13 0
1x1/008f9b 14 13 0
1x6/b4d2e3 37 13 0
1x2/55a5af 46 13 0
1x10/55a5af 47 13 0
2x8/1b2a34 14 14 0
1x1/008f9b 16 14 0
1x2/008f9b 17 14 0
1x6/55a5af 36 14 0
1x10/b4d2e3 45 14 0
3x3/9ba19d 53 14 0
3x3/55a5af 56 14 0
2x3/55a5af 59 14 0
1x3/008f9b 63 14 0
1x5/0a3463 16 15 0
1x2/55a5af 19 15 0
3x3/55a5af 20 15 0
1x3/55a5af 23 15 0
1x4/b4d2e3 46 15 0
4x6/9ba19d 48 15 0
1x2/55a5af 61 15 0
1x2/55a5af 62 15 0
1x6/0a3463 17 16 0
1x2/008f9b 18 16 0
1x2/55a5af 26 16 0
1x1/55a5af 27 16 0
1x1/55a5af 28 16 0
1x1/55a5af 29 16 0
1x1/55a5af 30 16 0
1x1/55a5af 31 16 0
1x1/55a5af 32 16 0
1x2/55a5af 33 16 0
1x4/55a5af 34 16 0
1x6/9ba19d 41 16 0
2x6/05131d 12 17 0
1x1/008f9b 19 17 0
1x1/b4d2e3 27 17 0
1x2/b4d2e3 28 17 0
1x1/9ba19d 29 17 0
1x1/b4d2e3 30 17 0
1x1/b4d2e3 31 17 0
1x1/c870a0 32 17 0
1x3/55a5af 35 17 0
2x3/55a5af 53 17 0
1x3/55a5af 55 17 0
1x2/55a5af 56 17 0
1x2/55a5af 57 17 0
1x2/55a5af 58 17 0
1x2/55a5af 59 17 0
1x10/3f3691 60 17 0
2x12/3f3691 61 17 0
1x12/3f3691 63 17 0
2x12/05131d 1 18 0
2x12/05131d 8 18 0
1x3/1b2a34 18 18 0
1x2/237841 19 18 0
1x2/4354a3 20 18 0
1x1/55a5af 21 18 0
1x1/9ba19d 22 18 0
1x2/fc97ac 23 18 0
1x2/fc97ac 24 18 0
1x2/fc97ac 25 18 0
1x2/fc97ac 26 18 0
1x1/fc97ac 27 18 0
1x1/fc97ac 29 18 0
1x1/fc97ac 30 18 0
1x1/c870a0 31 18 0
1x1/645a4c 32 18 0
1x2/9ba19d 33 18 0
2x3/9ba19d 39 18 0
1x2/b4d2e3 21 19 0
1x2/c2dab8 22 19 0
1x1/c870a0 27 19 0
1x1/c870a0 28 19 0
1x1/923978 29 19 0
1x1/583927 30 19 0
1x1/583927 31 19 0
1x1/583927 32 19 0
1x1/9ba19d 37 19 0
1x5/9ba19d 46 19 0
1x3/55a5af 56 19 0
2x8/6c6e68 57 19 0
1x4/237841 59 19 0
1x2/05131d 16 20 0
1x1/b4d2e3 19 20 0
1x2/b4d2e3 20 20 0
1x1/c870a0 23 20 0
1x1/958a73 24 20 0
1x1/6d6e5c 25 20 0
1x1/583927 26 20 0
1x1/583927 27 20 0
1x1/583927 28 20 0
1x2/05131d 29 20 0
2x3/05131d 30 20 0
1x2/05131d 32 20 0
1x2/05131d 33 20 0
1x2/05131d 34 20 0
2x3/05131d 35 20 0
1x1/05131d 37 20 0
1x1/9ba19d 38 20 0
1x2/55a5af 52 20 0
1x2/55a5af 53 20 0
1x3/55a5af 54 20 0
1x8/3f3691 55 20 0
1x3/b4d2e3 18 21 0
1x2/b4d2e3 19 21 0
1x1/fc97ac 21 21 0
1x1/c870a0 22 21 0
1x1/6d6e5c 23 21 0
1x1/583927 24 21 0
1x2/05131d 25 21 0
3x3/05131d 26 21 0
1x2/05131d 37 21 0
2x3/05131d 38 21 0
1x1/55a5af 40 21 0
1x3/55a5af 48 21 0
1x2/9ba19d 49 21 0
1x2/9ba19d 50 21 0
1x2/55a5af 51 21 0
2x8/05131d 3 22 0
1x8/05131d 5 22 0
1x1/05131d 14 22 0
1x1/237841 15 22 0
1x1/c870a0 16 22 0
1x2/b4d2e3 17 22 0
1x1/9ba19d 20 22 0
1x1/c870a0 21 22 0
1x1/6d6e5c 22 22 0
1x1/583927 23 22 0
1x6/05131d 24 22 0
1x1/583927 29 22 0
1x1/05131d 32 22 0
1x1/583927 33 22 0
1x1/05131d 34 22 0
1x3/05131d 40 22 0
1x3/05131d 41 22 0
1x1/55a5af 42 22 0
2x6/6c6e68 52 22 0
1x12/3f3691 56 22 0
1x8/05131d 0 23 0
2x8/05131d 6 23 0
3x3/05131d 10 23 0
1x1/05131d 13 23 0
1x1/9ba19d 14 23 0
1x3/b4d2e3 15 23 0
1x2/b4d2e3 16 23 0
1x1/c870a0 19 23 0
1x1/958a73 20 23 0
1x1/583927 21 23 0
1x2/583927 22 23 0
1x12/05131d 23 23 0
1x3/05131d 25 23 0
1x2/6d6e5c 29 23 0
1x2/9ba19d 30 23 0
1x3/6d6e5c 31 23 0
1x2/6d6e5c 32 23 0
1x2/6d6e5c 33 23 0
3x3/6d6e5c 34 23 0
1x4/583927 37 23 0
1x5/05131d 42 23 0
1x2/55a5af 47 23 0
1x1/55a5af 49 23 0
2x3/6c6e68 50 23 0
1x12/3f3691 54 23 0
1x4/6d6e5c 59 23 0
1x1/9ba19d 13 24 0
1x4/b4d2e3 14 24 0
1x2/fc97ac 17 24 0
1x1/c870a0 18 24 0
1x1/6d6e5c 19 24 0
1x2/583927 20 24 0
1x2/583927 21 24 0
1x2/583927 26 24 0
1x1/237841 27 24 0
1x2/9ba19d 28 24 0
2x3/583927 38 24 0
1x5/05131d 43 24 0
1x1/55a5af 44 24 0
1x2/55a5af 45 24 0
1x1/55a5af 46 24 0
2x6/3f3691 48 24 0
1x10/fc97ac 13 25 0
1x3/c870a0 16 25 0
1x1/6d6e5c 18 25 0
1x2/583927 19 25 0
1x12/05131d 22 25 0
1x1/9ba19d 27 25 0
1x1/9ba19d 29 25 0
1x1/9ba19d 30 25 0
1x1/583927 32 25 0
1x1/237841 33 25 0
1x5/583927 40 25 0
1x1/05131d 41 25 0
1x1/05131d 44 25 0
2x4/3f3691 46 25 0
1x4/05131d 10 26 0
1x2/05131d 11 26 0
1x1/6d6e5c 12 26 0
1x4/fc97ac 15 26 0
1x1/c870a0 17 26 0
1x5/583927 18 26 0
2x3/05131d 20 26 0
1x1/05131d 25 26 0
1x1/9ba19d 26 26 0
1x1/6d6e5c 27 26 0
1x1/b4d2e3 28 26 0
1x1/b4d2e3 29 26 0
1x1/583927 30 26 0
1x3/05131d 31 26 0
1x2/05131d 32 26 0
1x2/05131d 33 26 0
1x2/05131d 34 26 0
1x2/05131d 35 26 0
1x2/05131d 36 26 0
1x6/583927 41 26 0
1x12/05131d 44 26 0
1x1/237841 45 26 0
2x16/237841 50 26 0
1x12/fc97ac 12 27 0
1x1/6d6e5c 17 27 0
1x8/05131d 19 27 0
1x10/6d6e5c 25 27 0
1x5/6d6e5c 26 27 0
1x2/9ba19d 27 27 0
1x1/b4d2e3 28 27 0
1x6/05131d 29 27 0
1x2/05131d 30 27 0
1x2/05131d 37 27 0
1x4/05131d 38 27 0
1x2/583927 39 27 0
1x10/05131d 45 27 0
4x12/237841 57 27 0
1x1/583927 11 28 0
1x5/fc97ac 14 28 0
1x2/958a73 16 28 0
1x3/583927 17 28 0
1x1/05131d 24 28 0
1x10/05131d 28 28 0
1x1/6c6e68 32 28 0
1x2/55a5af 33 28 0
2x3/b4d2e3 34 28 0
1x1/237841 36 28 0
1x5/583927 42 28 0
2x16/237841 52 28 0
1x12/237841 55 28 0
1x12/fc97ac 11 29 0
2x4/05131d 20 29 0
1x6/6d6e5c 24 29 0
1x1/583927 27 29 0
1x1/237841 30 29 0
1x1/55a5af 31 29 0
1x1/55a5af 32 29 0
1x2/b4d2e3 36 29 0
1x2/9ba19d 37 29 0
1x8/05131d 39 29 0
1x6/05131d 43 29 0
1x2/05131d 46 29 0
1x12/237841 47 29 0
2x16/237841 61 29 0
1x12/237841 63 29 0
1x1/05131d 1 30 0
1x1/05131d 2 30 0
1x2/05131d 3 30 0
1x1/05131d 4 30 0
1x2/05131d 5 30 0
1x2/05131d 8 30 0
1x2/05131d 9 30 0
1x1/6d6e5c 10 30 0
1x4/c870a0 15 30 0
1x2/6d6e5c 16 30 0
1x6/05131d 27 30 0
1x3/1b2a34 30 30 0
1x1/55a5af 31 30 0
1x1/b4d2e3 32 30 0
1x2/b4d2e3 33 30 0
1x6/05131d 40 30 0
1x12/237841 48 30 0
1x5/237841 49 30 0
3x3/583927 0 31 0
1x4/583927 4 31 0
2x4/05131d 6 31 0
1x5/fc97ac 10 31 0
2x16/583927 17 31 0
1x2/237841 31 31 0
1x1/6d6e5c 32 31 0
1x1/55a5af 34 31 0
2x4/55a5af 35 31 0
2x3/4354a3 37 31 0
1x4/05131d 46 31 0
1x2/583927 3 32 0
1x2/583927 5 32 0
1x3/583927 8 32 0
1x1/6d6e5c 9 32 0
1x12/583927 16 32 0
1x3/583927 26 32 0
1x1/1b2a34 32 32 0
1x1/237841 33 32 0
1x2/4354a3 34 32 0
1x4/583927 41 32 0
1x5/fc97ac 9 33 0
1x5/c870a0 14 33 0
1x1/05131d 20 33 0
1x2/05131d 21 33 0
1x1/0a3463 29 33 0
2x3/008f9b 30 33 0
2x4/55a5af 32 33 0
1x6/05131d 42 33 0
4x12/05131d 0 34 0
1x6/05131d 5 34 0
1x5/6d6e5c 15 34 0
1x12/0a3463 20 34 0
1x1/05131d 29 34 0
1x2/55a5af 34 34 0
1x2/55a5af 37 34 0
1x4/237841 38 34 0
1x12/3f3691 56 34 0
1x10/05131d 4 35 0
1x3/05131d 6 35 0
1x1/05131d 7 35 0
1x12/fc97ac 8 35 0
1x4/c870a0 13 35 0
1x10/1b2a34 19 35 0
1x12/1b2a34 21 35 0
1x5/05131d 23 35 0
1x1/583927 24 35 0
1x2/6d6e5c 26 35 0
1x4/05131d 29 35 0
1x2/6c6e68 35 35 0
1x2/3f3691 36 35 0
1x2/05131d 43 35 0
1x2/05131d 46 35 0
1x10/3f3691 49 35 0
1x10/3f3691 54 35 0
1x1/6d6e5c 7 36 0
1x6/b4d2e3 10 36 0
1x1/583927 24 36 0
1x5/583927 27 36 0
1x3/05131d 30 36 0
1x1/237841 31 36 0
1x2/6c6e68 34 36 0
1x1/6d6e5c 37 36 0
1x2/6d6e5c 40 36 0
1x12/05131d 41 36 0
1x8/b4d2e3 7 37 0
1x1/05131d 22 37 0
1x4/05131d 24 37 0
1x1/583927 25 37 0
1x3/583927 26 37 0
2x10/05131d 31 37 0
1x1/237841 33 37 0
1x1/237841 35 37 0
1x2/05131d 36 37 0
1x1/583927 37 37 0
1x1/9ba19d 39 37 0
1x4/05131d 43 37 0
1x1/05131d 45 37 0
1x8/3f3691 46 37 0
1x1/9ba19d 6 38 0
1x5/c2dab8 9 38 0
1x6/6d6e5c 14 38 0
1x10/1b2a34 22 38 0
1x2/05131d 25 38 0
1x3/583927 28 38 0
1x1/583927 33 38 0
2x14/05131d 34 38 0
1x1/05131d 37 38 0
1x1/9ba19d 38 38 0
2x3/05131d 39 38 0
1x2/05131d 44 38 0
1x1/05131d 45 38 0
1x8/c2dab8 6 39 0
1x6/c870a0 12 39 0
1x6/c870a0 13 39 0
1x6/583927 15 39 0
1x3/583927 29 39 0
1x1/583927 30 39 0
1x8/05131d 33 39 0
1x1/6d6e5c 36 39 0
1x1/237841 37 39 0
1x3/05131d 38 39 0
1x3/05131d 42 39 0
1x6/3f3691 45 39 0
4x12/3f3691 57 39 0
1x1/6d6e5c 5 40 0
1x8/0a3463 23 40 0
1x2/05131d 25 40 0
1x3/05131d 26 40 0
1x5/05131d 30 40 0
2x10/05131d 36 40 0
1x5/3f3691 44 40 0
1x12/3f3691 55 40 0
1x12/c870a0 5 41 0
1x6/9ba19d 11 41 0
1x8/1b2a34 24 41 0
2x3/05131d 27 41 0
2x6/05131d 39 41 0
1x3/237841 43 41 0
1x4/3f3691 47 41 0
1x12/0a3463 63 41 0
1x6/fc97ac 10 42 0
1x8/1b2a34 25 42 0
1x3/05131d 29 42 0
1x6/05131d 38 42 0
1x2/237841 42 42 0
1x4/3f3691 48 42 0
2x16/237841 50 42 0
1x10/fc97ac 9 43 0
1x6/237841 26 43 0
1x3/6d6e5c 14 44 0
1x12/05131d 16 44 0
2x3/0a3463 27 44 0
2x3/05131d 42 44 0
1x2/237841 52 44 0
1x3/237841 53 44 0
1x1/583927 4 45 0
1x12/fc97ac 7 45 0
1x2/c870a0 12 45 0
1x2/6d6e5c 13 45 0
1x12/583927 15 45 0
1x12/05131d 19 45 0
1x2/0a3463 29 45 0
1x1/1b2a34 30 45 0
1x2/583927 44 45 0
3x3/0a3463 45 45 0
1x10/0a3463 49 45 0
1x12/0a3463 54 45 0
2x12/0a3463 61 45 0
4x4/05131d 0 46 0
1x1/6d6e5c 4 46 0
1x12/05131d 20 46 0
1x2/05131d 30 46 0
1x6/1b2a34 48 46 0
1x6/1b2a34 52 46 0
1x10/0a3463 56 46 0
1x8/c870a0 4 47 0
1x12/fc97ac 6 47 0
1x6/fc97ac 8 47 0
1x6/c870a0 11 47 0
1x10/6d6e5c 12 47 0
1x12/583927 13 47 0
1x12/583927 14 47 0
2x12/05131d 17 47 0
1x12/05131d 21 47 0
1x1/0a3463 27 47 0
2x6/05131d 28 47 0
1x1/583927 31 47 0
1x1/c870a0 32 47 0
1x1/583927 33 47 0
1x2/05131d 39 47 0
1x1/05131d 40 47 0
1x1/05131d 42 47 0
1x1/583927 43 47 0
1x8/1b2a34 44 47 0
1x6/1b2a34 53 47 0
1x5/9ba19d 10 48 0
1x12/05131d 22 48 0
1x1/1b2a34 23 48 0
1x5/05131d 27 48 0
1x1/583927 30 48 0
1x2/c870a0 31 48 0
1x1/c870a0 32 48 0
1x1/6d6e5c 33 48 0
1x1/05131d 38 48 0
4x12/237841 40 48 0
2x14/237841 45 48 0
1x12/237841 47 48 0
2x14/05131d 23 49 0
1x12/05131d 26 49 0
1x4/583927 30 49 0
1x1/6d6e5c 32 49 0
1x5/583927 33 49 0
2x3/237841 38 49 0
2x8/05131d 0 50 0
1x6/05131d 2 50 0
1x2/05131d 3 50 0
1x12/05131d 25 50 0
1x1/6d6e5c 31 50 0
1x1/583927 32 50 0
1x1/05131d 36 50 0
1x2/237841 37 50 0
1x1/583927 31 51 0
1x4/583927 32 51 0
1x12/237841 36 51 0
4x6/1b2a34 57 51 0
1x1/583927 3 52 0
1x4/583927 31 52 0
1x1/05131d 34 52 0
1x12/237841 35 52 0
3x3/6d6e5c 37 52 0
1x10/237841 48 52 0
1x10/237841 52 52 0
1x12/237841 55 52 0
1x2/9ba19d 3 53 0
1x10/fc97ac 5 53 0
1x10/e4cd9e 8 53 0
1x6/c870a0 9 53 0
1x3/958a73 10 53 0
1x3/6d6e5c 11 53 0
1x3/583927 27 53 0
1x1/583927 28 53 0
1x1/583927 29 53 0
1x4/05131d 30 53 0
1x10/237841 34 53 0
1x10/237841 53 53 0
1x10/237841 63 53 0
1x1/583927 28 54 0
1x4/05131d 29 54 0
1x10/237841 33 54 0
2x8/e4cd9e 3 55 0
1x4/05131d 28 55 0
1x8/237841 32 55 0
2x8/6d6e5c 37 55 0
1x8/237841 39 55 0
1x8/237841 44 55 0
1x8/237841 49 55 0
1x2/583927 2 56 0
2x4/6d6e5c 10 56 0
1x4/05131d 16 56 0
1x4/05131d 27 56 0
1x8/237841 31 56 0
1x8/237841 56 56 0
1x6/fc97ac 7 57 0
1x4/583927 12 57 0
1x3/05131d 15 57 0
1x3/05131d 19 57 0
1x6/237841 30 57 0
1x6/237841 54 57 0
6x6/237841 57 57 0
1x3/583927 0 58 0
1x2/583927 1 58 0
1x1/6d6e5c 2 58 0
1x6/05131d 20 58 0
1x6/237841 29 58 0
2x6/237841 50 58 0
1x5/958a73 2 59 0
1x5/fc97ac 6 59 0
1x2/6d6e5c 9 59 0
1x2/583927 13 59 0
1x2/583927 14 59 0
1x1/05131d 17 59 0
1x1/05131d 18 59 0
1x5/05131d 21 59 0
1x5/237841 28 59 0
1x2/6d6e5c 1 60 0
2x4/6d6e5c 10 60 0
3x3/583927 15 60 0
1x4/583927 18 60 0
1x3/583927 19 60 0
1x4/05131d 22 60 0
1x4/237841 27 60 0
4x4/237841 40 60 0
1x4/237841 47 60 0
1x1/9ba19d 0 61 0
1x3/f2705e 9 61 0
2x3/6d6e5c 12 61 0
1x3/6d6e5c 14 61 0
1x2/05131d 26 61 0
1x1/9ba19d 0 62 0
1x2/583927 1 62 0
1x2/05131d 25 62 0
1x2/237841 45 62 0
1x2/237841 46 62 0
1x2/237841 48 62 0
1x2/237841 52 62 0
1x1/05131d 0 63 0
1x1/fc97ac 3 63 0
1x1/fc97ac 4 63 0
1x1/fc97ac 5 63 0
1x1/d09168 7 63 0
1x1/958a73 8 63 0
1x1/583927 15 63 0
1x1/583927 16 63 0
1x1/583927 17 63 0
1x1/05131d 19 63 0
1x1/05131d 23 63 0
1x1/05131d 24 63 0
1x1/237841 26 63 0
1x1/237841 30 63 0
1x1/237841 32 63 0
1x1/237841 34 63 0
1x1/237841 36 63 0
1x1/237841 37 63 0
1x1/237841 38 63 0
1x1/237841 39 63 0
1x1/237841 44 63 0
1x1/6d6e5c 49 63 0
1x1/237841 53 63 0
1x1/237841 54 63 0
1x1/237841 57 63 0
1x1/237841 58 63 0
1x1/237841 59 63 0
1x1/237841 60 63 0
1x1/237841 61 63 0
1x1/237841 62 63 0
1x1/237841 63 63 0
